3130.0 45 32 32 25 23 23 21 18 16 18
3170.0 16 21 17 16 11 16 14 15 18 16
3210.0 11 9 13 15 18 16 18 15 16 23
3250.0 17 17 11 14 15 21 17 18 19 17
3290.0 19 18 16 13 21 15 10 11 15 21
3330.0 15 13 13 17 10 18 11 10 23 21
3370.0 26 19 26 32 48 58 66 70 68 48
3410.0 39 29 16 23 18 26 22 26 8 14
3450.0 16 3 18 19 21 13 15 18 21 18
3490.0 24 19 16 18 10 22 23 16 18 21
3530.0 17 14 16 8 26 21 23 24 21 22
3570.0 19 29 15 23 24 21 19 26 16 21
3610.0 16 29 27 14 31 21 22 18 22 23
3650.0 8 26 25 26 21 32 14 30 19 23
3690.0 31 21 31 23 35 25 25 25 37 33
3730.0 25 21 30 25 35 24 19 30 25 31
3770.0 24 23 38 30 26 24 35 27 21 32
3810.0 22 29 29 37 29 33 24 27 35 31
3850.0 47 32 26 26 23 17 31 21 18 41
3890.0 32 40 13 38 15 32 33 42 26 35
3930.0 34 30 23 25 39 35 54 31 38 34