4000.000000 0.7001 0.6998 0.6995 0.6992 0.6989
3995.000000 0.6986 0.6983 0.6980 0.6976 0.6975
3990.000000 0.6971 0.6968 0.6967 0.6964 0.6961
3985.000000 0.6958 0.6956 0.6953 0.6950 0.6948
3980.000000 0.6945 0.6942 0.6939 0.6936 0.6934
3975.000000 0.6931 0.6928 0.6925 0.6922 0.6919
3970.000000 0.6917 0.6915 0.6911 0.6908 0.6906
3965.000000 0.6903 0.6900 0.6897 0.6895 0.6892
3960.000000 0.6890 0.6888 0.6886 0.6883 0.6881
3955.000000 0.6880 0.6878 0.6878 0.6878 0.6876
3950.000000 0.6875 0.6875 0.6874 0.6872 0.6871
3945.000000 0.6871 0.6869 0.6868 0.6868 0.6867
3940.000000 0.6865 0.6865 0.6864 0.6862 0.6862
3935.000000 0.6861 0.6861 0.6860 0.6858 0.6858
3930.000000 0.6858 0.6857 0.6856 0.6855 0.6854
3925.000000 0.6853 0.6851 0.6851 0.6851 0.6851
3920.000000 0.6851 0.6851 0.6851 0.6851 0.6851
3915.000000 0.6851 0.6851 0.6851 0.6851 0.6851
3910.000000 0.6851 0.6851 0.6851 0.6851 0.6851
3905.000000 0.6851 0.6851 0.6851 0.6851 0.6851
3900.000000 0.6851 0.6851 0.6851 0.6851 0.6851
3895.000000 0.6851 0.6851 0.6851 0.6851 0.6851
3890.000000 0.6851 0.6851 0.6851 0.6851 0.6851
3885.000000 0.6851 0.6851 0.6851 0.6851 0.6851
3880.000000 0.6851 0.6851 0.6851 0.6851 0.6851
3875.000000 0.6851 0.6851 0.6851 0.6851 0.6851
3870.000000 0.6851 0.6850 0.6849 0.6848 0.6847
3865.000000 0.6846 0.6845 0.6844 0.6843 0.6841
3860.000000 0.6840 0.6839 0.6838 0.6837 0.6836
3855.000000 0.6835 0.6834 0.6833 0.6831 0.6830
3850.000000 0.6828 0.6828 0.6826 0.6825 0.6824
3845.000000 0.6822 0.6821 0.6821 0.6819 0.6818
3840.000000 0.6818 0.6815 0.6814 0.6811 0.6811
3835.000000 0.6808 0.6807 0.6805 0.6803 0.6801
3830.000000 0.6799 0.6797 0.6794 0.6792 0.6790
3825.000000 0.6788 0.6786 0.6783 0.6781 0.6778
3820.000000 0.6776 0.6775 0.6772 0.6771 0.6768
3815.000000 0.6765 0.6764 0.6761 0.6760 0.6758
3810.000000 0.6755 0.6753 0.6751 0.6749 0.6746
3805.000000 0.6744 0.6742 0.6740 0.6738 0.6736
3800.000000 0.6734 0.6732 0.6728 0.6726 0.6725
3795.000000 0.6722 0.6719 0.6718 0.6715 0.6711
3790.000000 0.6708 0.6707 0.6704 0.6701 0.6697
3785.000000 0.6694 0.6691 0.6687 0.6684 0.6681
3780.000000 0.6676 0.6674 0.6671 0.6667 0.6664
3775.000000 0.6661 0.6657 0.6654 0.6651 0.6647
3770.000000 0.6644 0.6640 0.6637 0.6633 0.6630
3765.000000 0.6625 0.6622 0.6619 0.6615 0.6612
3760.000000 0.6610 0.6606 0.6603 0.6599 0.6596
3755.000000 0.6593 0.6589 0.6586 0.6583 0.6578
3750.000000 0.6575 0.6571 0.6568 0.6564 0.6558
3745.000000 0.6554 0.6549 0.6544 0.6539 0.6534
3740.000000 0.6528 0.6522 0.6518 0.6512 0.6508
3735.000000 0.6503 0.6497 0.6492 0.6487 0.6482
3730.000000 0.6475 0.6471 0.6465 0.6460 0.6455
3725.000000 0.6449 0.6444 0.6439 0.6434 0.6428
3720.000000 0.6422 0.6418 0.6412 0.6408 0.6401
3715.000000 0.6397 0.6392 0.6387 0.6381 0.6376
3710.000000 0.6371 0.6365 0.6360 0.6354 0.6348
3705.000000 0.6342 0.6336 0.6329 0.6322 0.6315
3700.000000 0.6308 0.6301 0.6294 0.6287 0.6280
3695.000000 0.6272 0.6265 0.6258 0.6251 0.6244
3690.000000 0.6237 0.6230 0.6222 0.6215 0.6208
3685.000000 0.6200 0.6193 0.6186 0.6178 0.6171
3680.000000 0.6164 0.6157 0.6150 0.6142 0.6135
3675.000000 0.6128 0.6121 0.6112 0.6106 0.6099
3670.000000 0.6092 0.6084 0.6077 0.6069 0.6062
3665.000000 0.6054 0.6046 0.6038 0.6031 0.6023
3660.000000 0.6015 0.6007 0.5999 0.5991 0.5984
3655.000000 0.5976 0.5968 0.5960 0.5952 0.5944
3650.000000 0.5936 0.5928 0.5921 0.5912 0.5905
3645.000000 0.5897 0.5889 0.5881 0.5873 0.5865
3640.000000 0.5857 0.5849 0.5841 0.5832 0.5823
3635.000000 0.5815 0.5806 0.5796 0.5787 0.5777
3630.000000 0.5767 0.5757 0.5747 0.5737 0.5728
3625.000000 0.5718 0.5708 0.5699 0.5689 0.5679
3620.000000 0.5669 0.5659 0.5649 0.5639 0.5629
3615.000000 0.5619 0.5609 0.5599 0.5589 0.5579
3610.000000 0.5569 0.5559 0.5549 0.5538 0.5525
3605.000000 0.5510 0.5498 0.5485 0.5471 0.5457
3600.000000 0.5443 0.5430 0.5416 0.5402 0.5388
3595.000000 0.5374 0.5360 0.5346 0.5332 0.5318
3590.000000 0.5303 0.5289 0.5275 0.5260 0.5243
3585.000000 0.5224 0.5205 0.5186 0.5168 0.5149
3580.000000 0.5130 0.5112 0.5093 0.5074 0.5055
3575.000000 0.5037 0.5018 0.4999 0.4980 0.4945
3570.000000 0.4889 0.4832 0.4776 0.4719 0.4676
3565.000000 0.4660 0.4646 0.4631 0.4616 0.4600
3560.000000 0.4583 0.4567 0.4550 0.4533 0.4516
3555.000000 0.4496 0.4477 0.4457 0.4437 0.4418
3550.000000 0.4403 0.4387 0.4372 0.4356 0.4341
3545.000000 0.4328 0.4315 0.4302 0.4289 0.4275
3540.000000 0.4260 0.4247 0.4234 0.4220 0.4205
3535.000000 0.4187 0.4168 0.4150 0.4132 0.4112
3530.000000 0.4082 0.4053 0.4023 0.3993 0.3964
3525.000000 0.3930 0.3899 0.3866 0.3834 0.3802
3520.000000 0.3770 0.3738 0.3705 0.3673 0.3641
3515.000000 0.3608 0.3576 0.3544 0.3510 0.3479
3510.000000 0.3447 0.3414 0.3382 0.3350 0.3316
3505.000000 0.3284 0.3252 0.3220 0.3187 0.3165
3500.000000 0.3159 0.3152 0.3146 0.3140 0.3137
3495.000000 0.3137 0.3137 0.3137 0.3137 0.3138
3490.000000 0.3139 0.3140 0.3141 0.3142 0.3145
3485.000000 0.3148 0.3152 0.3155 0.3158 0.3162
3480.000000 0.3166 0.3170 0.3175 0.3179 0.3182
3475.000000 0.3185 0.3189 0.3193 0.3196 0.3197
3470.000000 0.3198 0.3199 0.3200 0.3196 0.3184
3465.000000 0.3173 0.3161 0.3150 0.3135 0.3121
3460.000000 0.3106 0.3091 0.3076 0.3061 0.3047
3455.000000 0.3032 0.3017 0.3002 0.2987 0.2972
3450.000000 0.2957 0.2941 0.2926 0.2911 0.2896
3445.000000 0.2882 0.2867 0.2852 0.2835 0.2821
3440.000000 0.2806 0.2791 0.2775 0.2760 0.2745
3435.000000 0.2730 0.2715 0.2699 0.2684 0.2669
3430.000000 0.2654 0.2639 0.2624 0.2608 0.2593
3425.000000 0.2578 0.2563 0.2547 0.2532 0.2517
3420.000000 0.2502 0.2487 0.2471 0.2456 0.2440
3415.000000 0.2425 0.2409 0.2394 0.2378 0.2363
3410.000000 0.2348 0.2332 0.2317 0.2302 0.2287
3405.000000 0.2271 0.2256 0.2240 0.2224 0.2209
3400.000000 0.2194 0.2178 0.2163 0.2148 0.2132
3395.000000 0.2116 0.2101 0.2084 0.2069 0.2054
3390.000000 0.2037 0.2022 0.2007 0.1991 0.1976
3385.000000 0.1960 0.1944 0.1929 0.1914 0.1898
3380.000000 0.1882 0.1866 0.1854 0.1845 0.1839
3375.000000 0.1831 0.1824 0.1819 0.1816 0.1812
3370.000000 0.1808 0.1804 0.1802 0.1799 0.1796
3365.000000 0.1794 0.1792 0.1790 0.1789 0.1786
3360.000000 0.1784 0.1784 0.1782 0.1781 0.1779
3355.000000 0.1778 0.1777 0.1775 0.1774 0.1773
3350.000000 0.1773 0.1773 0.1773 0.1773 0.1773
3345.000000 0.1773 0.1773 0.1773 0.1773 0.1773
3340.000000 0.1773 0.1773 0.1773 0.1773 0.1774
3335.000000 0.1774 0.1775 0.1776 0.1778 0.1779
3330.000000 0.1782 0.1784 0.1785 0.1787 0.1790
3325.000000 0.1792 0.1794 0.1796 0.1799 0.1801
3320.000000 0.1804 0.1806 0.1808 0.1810 0.1813
3315.000000 0.1816 0.1820 0.1824 0.1828 0.1833
3310.000000 0.1835 0.1840 0.1844 0.1848 0.1852
3305.000000 0.1856 0.1860 0.1864 0.1868 0.1872
3300.000000 0.1876 0.1879 0.1884 0.1887 0.1892
3295.000000 0.1895 0.1900 0.1904 0.1908 0.1912
3290.000000 0.1915 0.1919 0.1923 0.1926 0.1929
3285.000000 0.1933 0.1936 0.1940 0.1943 0.1946
3280.000000 0.1950 0.1954 0.1957 0.1961 0.1964
3275.000000 0.1968 0.1971 0.1975 0.1978 0.1982
3270.000000 0.1984 0.1989 0.1992 0.1995 0.1999
3265.000000 0.2003 0.2006 0.2010 0.2014 0.2018
3260.000000 0.2021 0.2025 0.2029 0.2033 0.2036
3255.000000 0.2040 0.2044 0.2048 0.2052 0.2055
3250.000000 0.2059 0.2063 0.2067 0.2071 0.2074
3245.000000 0.2078 0.2082 0.2085 0.2090 0.2093
3240.000000 0.2097 0.2101 0.2105 0.2109 0.2112
3235.000000 0.2116 0.2120 0.2124 0.2128 0.2132
3230.000000 0.2134 0.2139 0.2143 0.2147 0.2151
3225.000000 0.2156 0.2161 0.2166 0.2172 0.2177
3220.000000 0.2183 0.2188 0.2194 0.2199 0.2204
3215.000000 0.2210 0.2215 0.2220 0.2226 0.2231
3210.000000 0.2235 0.2242 0.2247 0.2252 0.2258
3205.000000 0.2263 0.2271 0.2278 0.2284 0.2293
3200.000000 0.2301 0.2308 0.2316 0.2324 0.2332
3195.000000 0.2340 0.2348 0.2356 0.2364 0.2372
3190.000000 0.2381 0.2389 0.2397 0.2405 0.2413
3185.000000 0.2421 0.2430 0.2439 0.2448 0.2456
3180.000000 0.2466 0.2475 0.2484 0.2494 0.2503
3175.000000 0.2513 0.2522 0.2532 0.2541 0.2551
3170.000000 0.2560 0.2569 0.2579 0.2588 0.2598
3165.000000 0.2607 0.2618 0.2629 0.2640 0.2651
3160.000000 0.2662 0.2674 0.2685 0.2698 0.2710
3155.000000 0.2722 0.2734 0.2746 0.2759 0.2771
3150.000000 0.2783 0.2795 0.2806 0.2817 0.2829
3145.000000 0.2840 0.2851 0.2862 0.2872 0.2883
3140.000000 0.2894 0.2905 0.2916 0.2927 0.2938
3135.000000 0.2949 0.2960 0.2971 0.2982 0.2994
3130.000000 0.3006 0.3018 0.3031 0.3043 0.3056
3125.000000 0.3069 0.3081 0.3094 0.3106 0.3119
3120.000000 0.3131 0.3143 0.3155 0.3167 0.3178
3115.000000 0.3189 0.3200 0.3210 0.3222 0.3232
3110.000000 0.3244 0.3255 0.3266 0.3277 0.3288
3105.000000 0.3299 0.3309 0.3321 0.3332 0.3343
3100.000000 0.3354 0.3366 0.3377 0.3390 0.3403
3095.000000 0.3414 0.3428 0.3441 0.3454 0.3466
3090.000000 0.3480 0.3492 0.3505 0.3518 0.3530
3085.000000 0.3544 0.3557 0.3570 0.3584 0.3598
3080.000000 0.3612 0.3628 0.3648 0.3668 0.3689
3075.000000 0.3709 0.3730 0.3750 0.3772 0.3793
3070.000000 0.3812 0.3834 0.3855 0.3874 0.3891
3065.000000 0.3908 0.3926 0.3942 0.3957 0.3972
3060.000000 0.3987 0.4002 0.4018 0.4032 0.4048
3055.000000 0.4062 0.4079 0.4094 0.4109 0.4125
3050.000000 0.4140 0.4155 0.4171 0.4187 0.4203
3045.000000 0.4220 0.4238 0.4256 0.4275 0.4293
3040.000000 0.4312 0.4330 0.4348 0.4367 0.4385
3035.000000 0.4404 0.4422 0.4440 0.4458 0.4475
3030.000000 0.4492 0.4508 0.4525 0.4541 0.4557
3025.000000 0.4573 0.4590 0.4606 0.4622 0.4638
3020.000000 0.4655 0.4670 0.4684 0.4699 0.4712
3015.000000 0.4727 0.4740 0.4754 0.4767 0.4780
3010.000000 0.4794 0.4807 0.4821 0.4838 0.4854
3005.000000 0.4870 0.4887 0.4904 0.4920 0.4936
3000.000000 0.4950 0.4962 0.4976 0.4989 0.5000
2995.000000 0.5012 0.5024 0.5035 0.5047 0.5058
2990.000000 0.5069 0.5079 0.5089 0.5099 0.5105
2985.000000 0.5110 0.5115 0.5120 0.5125 0.5130
2980.000000 0.5135 0.5140 0.5145 0.5150 0.5154
2975.000000 0.5160 0.5165 0.5170 0.5175 0.5180
2970.000000 0.5186 0.5191 0.5196 0.5201 0.5206
2965.000000 0.5212 0.5221 0.5229 0.5237 0.5241
2960.000000 0.5245 0.5250 0.5253 0.5256 0.5259
2955.000000 0.5262 0.5262 0.5265 0.5267 0.5267
2950.000000 0.5267 0.5273 0.5265 0.5264 0.5262
2945.000000 0.5260 0.5257 0.5252 0.5247 0.5242
2940.000000 0.5232 0.5222 0.5212 0.5189 0.5162
2935.000000 0.5134 0.5095 0.5028 0.4962 0.4895
2930.000000 0.4860 0.4835 0.4808 0.4783 0.4760
2925.000000 0.4738 0.4715 0.4704 0.4693 0.4681
2920.000000 0.4674 0.4669 0.4664 0.4659 0.4654
2915.000000 0.4649 0.4644 0.4639 0.4634 0.4629
2910.000000 0.4622 0.4612 0.4602 0.4592 0.4581
2905.000000 0.4569 0.4558 0.4546 0.4534 0.4523
2900.000000 0.4510 0.4496 0.4482 0.4467 0.4452
2895.000000 0.4437 0.4422 0.4410 0.4402 0.4394
2890.000000 0.4387 0.4384 0.4380 0.4367 0.4374
2885.000000 0.4372 0.4370 0.4368 0.4368 0.4368
2880.000000 0.4368 0.4369 0.4369 0.4370 0.4374
2875.000000 0.4378 0.4382 0.4391 0.4403 0.4416
2870.000000 0.4432 0.4456 0.4480 0.4504 0.4524
2865.000000 0.4544 0.4562 0.4582 0.4601 0.4620
2860.000000 0.4638 0.4657 0.4676 0.4694 0.4710
2855.000000 0.4726 0.4743 0.4759 0.4776 0.4792
2850.000000 0.4807 0.4821 0.4835 0.4848 0.4858
2845.000000 0.4869 0.4880 0.4891 0.4902 0.4912
2840.000000 0.4923 0.4934 0.4945 0.4956 0.4967
2835.000000 0.4978 0.4989 0.4999 0.5010 0.5021
2830.000000 0.5032 0.5043 0.5054 0.5066 0.5078
2825.000000 0.5090 0.5102 0.5115 0.5127 0.5140
2820.000000 0.5153 0.5165 0.5178 0.5190 0.5203
2815.000000 0.5215 0.5227 0.5239 0.5250 0.5259
2810.000000 0.5269 0.5278 0.5288 0.5297 0.5307
2805.000000 0.5316 0.5326 0.5336 0.5345 0.5355
2800.000000 0.5364 0.5374 0.5385 0.5395 0.5406
2795.000000 0.5417 0.5428 0.5439 0.5449 0.5460
2790.000000 0.5470 0.5481 0.5492 0.5503 0.5514
2785.000000 0.5524 0.5534 0.5544 0.5555 0.5565
2780.000000 0.5575 0.5586 0.5596 0.5606 0.5615
2775.000000 0.5625 0.5633 0.5641 0.5649 0.5658
2770.000000 0.5666 0.5674 0.5682 0.5690 0.5698
2765.000000 0.5706 0.5715 0.5723 0.5731 0.5739
2760.000000 0.5747 0.5756 0.5764 0.5772 0.5780
2755.000000 0.5789 0.5797 0.5804 0.5810 0.5817
2750.000000 0.5823 0.5827 0.5831 0.5835 0.5839
2745.000000 0.5843 0.5846 0.5849 0.5851 0.5854
2740.000000 0.5856 0.5859 0.5860 0.5862 0.5866
2735.000000 0.5868 0.5871 0.5873 0.5876 0.5879
2730.000000 0.5882 0.5884 0.5887 0.5890 0.5892
2725.000000 0.5895 0.5897 0.5900 0.5906 0.5910
2720.000000 0.5917 0.5924 0.5930 0.5937 0.5943
2715.000000 0.5950 0.5957 0.5965 0.5973 0.5981
2710.000000 0.5990 0.5999 0.6008 0.6017 0.6026
2705.000000 0.6038 0.6051 0.6065 0.6074 0.6083
2700.000000 0.6091 0.6095 0.6099 0.6102 0.6106
2695.000000 0.6110 0.6112 0.6117 0.6120 0.6124
2690.000000 0.6127 0.6131 0.6134 0.6138 0.6142
2685.000000 0.6145 0.6149 0.6152 0.6156 0.6159
2680.000000 0.6162 0.6164 0.6166 0.6167 0.6168
2675.000000 0.6170 0.6171 0.6173 0.6174 0.6175
2670.000000 0.6177 0.6179 0.6181 0.6182 0.6184
2665.000000 0.6186 0.6188 0.6190 0.6192 0.6194
2660.000000 0.6196 0.6198 0.6199 0.6201 0.6205
2655.000000 0.6209 0.6212 0.6217 0.6222 0.6226
2650.000000 0.6230 0.6234 0.6238 0.6243 0.6248
2645.000000 0.6255 0.6262 0.6272 0.6281 0.6289
2640.000000 0.6298 0.6310 0.6324 0.6338 0.6353
2635.000000 0.6369 0.6386 0.6403 0.6419 0.6438
2630.000000 0.6457 0.6475 0.6493 0.6511 0.6530
2625.000000 0.6549 0.6568 0.6586 0.6601 0.6615
2620.000000 0.6628 0.6641 0.6653 0.6665 0.6678
2615.000000 0.6690 0.6703 0.6715 0.6726 0.6739
2610.000000 0.6750 0.6760 0.6769 0.6780 0.6790
2605.000000 0.6800 0.6810 0.6819 0.6830 0.6840
2600.000000 0.6850 0.6860 0.6868 0.6875 0.6884
2595.000000 0.6891 0.6899 0.6906 0.6914 0.6921
2590.000000 0.6930 0.6938 0.6945 0.6953 0.6961
2585.000000 0.6968 0.6975 0.6981 0.6986 0.6991
2580.000000 0.6995 0.7000 0.7004 0.7007 0.7008
2575.000000 0.7011 0.7012 0.7015 0.7017 0.7018
2570.000000 0.7019 0.7021 0.7024 0.7025 0.7028
2565.000000 0.7030 0.7033 0.7035 0.7037 0.7038
2560.000000 0.7040 0.7042 0.7044 0.7047 0.7049
2555.000000 0.7051 0.7054 0.7057 0.7060 0.7062
2550.000000 0.7065 0.7068 0.7071 0.7074 0.7076
2545.000000 0.7080 0.7083 0.7086 0.7089 0.7092
2540.000000 0.7095 0.7098 0.7101 0.7104 0.7107
2535.000000 0.7111 0.7115 0.7118 0.7122 0.7128
2530.000000 0.7132 0.7136 0.7140 0.7144 0.7148
2525.000000 0.7153 0.7157 0.7161 0.7168 0.7174
2520.000000 0.7178 0.7185 0.7191 0.7197 0.7203
2515.000000 0.7208 0.7215 0.7221 0.7226 0.7233
2510.000000 0.7239 0.7245 0.7251 0.7257 0.7262
2505.000000 0.7269 0.7274 0.7278 0.7284 0.7289
2500.000000 0.7294 0.7298 0.7303 0.7308 0.7312
2495.000000 0.7318 0.7321 0.7325 0.7330 0.7334
2490.000000 0.7338 0.7341 0.7345 0.7349 0.7353
2485.000000 0.7357 0.7360 0.7364 0.7368 0.7371
2480.000000 0.7376 0.7384 0.7390 0.7397 0.7404
2475.000000 0.7411 0.7418 0.7425 0.7432 0.7439
2470.000000 0.7446 0.7451 0.7458 0.7465 0.7472
2465.000000 0.7480 0.7487 0.7494 0.7501 0.7508
2460.000000 0.7515 0.7521 0.7528 0.7535 0.7541
2455.000000 0.7548 0.7554 0.7561 0.7567 0.7572
2450.000000 0.7580 0.7587 0.7593 0.7600 0.7607
2445.000000 0.7612 0.7618 0.7625 0.7633 0.7639
2440.000000 0.7645 0.7651 0.7658 0.7665 0.7671
2435.000000 0.7678 0.7684 0.7691 0.7698 0.7705
2430.000000 0.7711 0.7718 0.7724 0.7731 0.7737
2425.000000 0.7743 0.7749 0.7754 0.7758 0.7764
2420.000000 0.7768 0.7774 0.7778 0.7785 0.7790
2415.000000 0.7795 0.7800 0.7805 0.7810 0.7815
2410.000000 0.7818 0.7821 0.7824 0.7825 0.7828
2405.000000 0.7830 0.7831 0.7834 0.7838 0.7842
2400.000000 0.7846 0.7850 0.7854 0.7858 0.7861
2395.000000 0.7865 0.7869 0.7874 0.7878 0.7882
2390.000000 0.7887 0.7891 0.7895 0.7899 0.7903
2385.000000 0.7907 0.7911 0.7915 0.7918 0.7922
2380.000000 0.7928 0.7932 0.7936 0.7940 0.7944
2375.000000 0.7949 0.7953 0.7957 0.7961 0.7965
2370.000000 0.7968 0.7972 0.7978 0.7982 0.7986
2365.000000 0.7989 0.7993 0.7997 0.8001 0.8005
2360.000000 0.8008 0.8012 0.8015 0.8021 0.8024
2355.000000 0.8026 0.8030 0.8031 0.8032 0.8034
2350.000000 0.8035 0.8036 0.8038 0.8039 0.8040
2345.000000 0.8042 0.8043 0.8045 0.8045 0.8046
2340.000000 0.8047 0.8048 0.8049 0.8050 0.8051
2335.000000 0.8051 0.8051 0.8053 0.8054 0.8055
2330.000000 0.8055 0.8057 0.8058 0.8060 0.8061
2325.000000 0.8064 0.8065 0.8067 0.8068 0.8071
2320.000000 0.8072 0.8075 0.8076 0.8078 0.8082
2315.000000 0.8085 0.8088 0.8091 0.8096 0.8100
2310.000000 0.8105 0.8110 0.8115 0.8121 0.8125
2305.000000 0.8132 0.8138 0.8145 0.8151 0.8157
2300.000000 0.8162 0.8168 0.8175 0.8182 0.8188
2295.000000 0.8193 0.8197 0.8200 0.8203 0.8206
2290.000000 0.8209 0.8212 0.8214 0.8217 0.8220
2285.000000 0.8223 0.8225 0.8228 0.8232 0.8235
2280.000000 0.8237 0.8240 0.8244 0.8247 0.8249
2275.000000 0.8251 0.8253 0.8254 0.8255 0.8256
2270.000000 0.8257 0.8259 0.8260 0.8261 0.8262
2265.000000 0.8264 0.8265 0.8266 0.8267 0.8268
2260.000000 0.8270 0.8271 0.8273 0.8274 0.8275
2255.000000 0.8275 0.8278 0.8278 0.8280 0.8280
2250.000000 0.8278 0.8278 0.8275 0.8274 0.8271
2245.000000 0.8271 0.8268 0.8268 0.8266 0.8264
2240.000000 0.8262 0.8261 0.8259 0.8257 0.8255
2235.000000 0.8253 0.8250 0.8247 0.8244 0.8242
2230.000000 0.8239 0.8236 0.8233 0.8231 0.8228
2225.000000 0.8225 0.8221 0.8218 0.8216 0.8213
2220.000000 0.8210 0.8206 0.8203 0.8200 0.8196
2215.000000 0.8193 0.8189 0.8186 0.8183 0.8180
2210.000000 0.8175 0.8172 0.8169 0.8165 0.8162
2205.000000 0.8160 0.8156 0.8153 0.8150 0.8146
2200.000000 0.8143 0.8139 0.8136 0.8133 0.8128
2195.000000 0.8125 0.8122 0.8119 0.8115 0.8112
2190.000000 0.8111 0.8108 0.8105 0.8101 0.8099
2185.000000 0.8096 0.8093 0.8090 0.8088 0.8085
2180.000000 0.8083 0.8081 0.8078 0.8076 0.8075
2175.000000 0.8071 0.8069 0.8068 0.8065 0.8062
2170.000000 0.8061 0.8058 0.8057 0.8055 0.8053
2165.000000 0.8051 0.8048 0.8046 0.8044 0.8042
2160.000000 0.8040 0.8038 0.8037 0.8036 0.8036
2155.000000 0.8037 0.8037 0.8038 0.8038 0.8038
2150.000000 0.8038 0.8039 0.8039 0.8040 0.8040
2145.000000 0.8041 0.8042 0.8042 0.8041 0.8041
2140.000000 0.8040 0.8040 0.8039 0.8039 0.8038
2135.000000 0.8037 0.8034 0.8032 0.8031 0.8028
2130.000000 0.8026 0.8025 0.8022 0.8021 0.8019
2125.000000 0.8018 0.8018 0.8018 0.8017 0.8015
2120.000000 0.8015 0.8015 0.8015 0.8015 0.8015
2115.000000 0.8015 0.8015 0.8017 0.8018 0.8018
2110.000000 0.8018 0.8019 0.8019 0.8018 0.8015
2105.000000 0.8015 0.8014 0.8011 0.8008 0.8006
2100.000000 0.8003 0.8000 0.7997 0.7995 0.7993
2095.000000 0.7991 0.7989 0.7987 0.7984 0.7983
2090.000000 0.7981 0.7978 0.7976 0.7975 0.7972
2085.000000 0.7969 0.7968 0.7967 0.7965 0.7964
2080.000000 0.7962 0.7961 0.7958 0.7958 0.7958
2075.000000 0.7958 0.7958 0.7960 0.7961 0.7962
2070.000000 0.7962 0.7964 0.7965 0.7965 0.7968
2065.000000 0.7968 0.7971 0.7974 0.7975 0.7978
2060.000000 0.7978 0.7981 0.7984 0.7986 0.7987
2055.000000 0.7990 0.7992 0.7994 0.7995 0.7997
2050.000000 0.8000 0.8001 0.8004 0.8006 0.8008
2045.000000 0.8011 0.8014 0.8017 0.8019 0.8022
2040.000000 0.8025 0.8028 0.8031 0.8034 0.8037
2035.000000 0.8040 0.8042 0.8045 0.8048 0.8051
2030.000000 0.8054 0.8056 0.8058 0.8061 0.8065
2025.000000 0.8068 0.8069 0.8072 0.8076 0.8081
2020.000000 0.8084 0.8087 0.8091 0.8094 0.8097
2015.000000 0.8101 0.8104 0.8107 0.8110 0.8112
2010.000000 0.8117 0.8121 0.8124 0.8126 0.8130
2005.000000 0.8133 0.8136 0.8138 0.8141 0.8144
2000.000000 0.8148 0.8150 0.8153 0.8156 0.8158
1995.000000 0.8161 0.8164 0.8167 0.8169 0.8172
1990.000000 0.8175 0.8178 0.8181 0.8184 0.8184
1985.000000 0.8184 0.8182 0.8182 0.8181 0.8181
1980.000000 0.8178 0.8178 0.8178 0.8176 0.8175
1975.000000 0.8175 0.8172 0.8168 0.8165 0.8161
1970.000000 0.8157 0.8153 0.8149 0.8145 0.8144
1965.000000 0.8144 0.8146 0.8149 0.8151 0.8154
1960.000000 0.8157 0.8158 0.8161 0.8162 0.8165
1955.000000 0.8168 0.8169 0.8171 0.8171 0.8172
1950.000000 0.8172 0.8172 0.8174 0.8175 0.8175
1945.000000 0.8175 0.8175 0.8175 0.8176 0.8176
1940.000000 0.8176 0.8176 0.8175 0.8171 0.8168
1935.000000 0.8167 0.8165 0.8161 0.8160 0.8157
1930.000000 0.8154 0.8151 0.8148 0.8145 0.8142
1925.000000 0.8139 0.8136 0.8132 0.8128 0.8125
1920.000000 0.8121 0.8118 0.8115 0.8112 0.8108
1915.000000 0.8106 0.8103 0.8103 0.8103 0.8101
1910.000000 0.8101 0.8101 0.8100 0.8100 0.8099
1905.000000 0.8099 0.8098 0.8098 0.8097 0.8097
1900.000000 0.8097 0.8096 0.8096 0.8096 0.8096
1895.000000 0.8096 0.8096 0.8096 0.8095 0.8095
1890.000000 0.8095 0.8095 0.8095 0.8095 0.8095
1885.000000 0.8094 0.8094 0.8094 0.8094 0.8094
1880.000000 0.8094 0.8094 0.8093 0.8093 0.8093
1875.000000 0.8093 0.8093 0.8093 0.8093 0.8092
1870.000000 0.8092 0.8092 0.8091 0.8090 0.8090
1865.000000 0.8089 0.8089 0.8089 0.8088 0.8087
1860.000000 0.8087 0.8087 0.8086 0.8085 0.8084
1855.000000 0.8081 0.8076 0.8074 0.8069 0.8067
1850.000000 0.8064 0.8060 0.8057 0.8054 0.8050
1845.000000 0.8046 0.8043 0.8039 0.8035 0.8031
1840.000000 0.8026 0.8022 0.8018 0.8015 0.8011
1835.000000 0.8007 0.8003 0.7998 0.7994 0.7990
1830.000000 0.7986 0.7980 0.7975 0.7969 0.7965
1825.000000 0.7958 0.7954 0.7948 0.7941 0.7935
1820.000000 0.7928 0.7921 0.7915 0.7908 0.7901
1815.000000 0.7895 0.7888 0.7880 0.7872 0.7865
1810.000000 0.7860 0.7856 0.7851 0.7847 0.7843
1805.000000 0.7839 0.7836 0.7833 0.7828 0.7825
1800.000000 0.7822 0.7818 0.7815 0.7811 0.7808
1795.000000 0.7805 0.7801 0.7798 0.7794 0.7790
1790.000000 0.7786 0.7782 0.7778 0.7774 0.7767
1785.000000 0.7761 0.7755 0.7748 0.7741 0.7734
1780.000000 0.7726 0.7719 0.7712 0.7706 0.7699
1775.000000 0.7691 0.7684 0.7674 0.7664 0.7653
1770.000000 0.7643 0.7633 0.7621 0.7612 0.7603
1765.000000 0.7593 0.7583 0.7572 0.7562 0.7553
1760.000000 0.7543 0.7533 0.7524 0.7512 0.7503
1755.000000 0.7493 0.7483 0.7472 0.7462 0.7453
1750.000000 0.7444 0.7434 0.7424 0.7414 0.7404
1745.000000 0.7395 0.7385 0.7375 0.7365 0.7356
1740.000000 0.7346 0.7339 0.7332 0.7324 0.7317
1735.000000 0.7310 0.7303 0.7295 0.7288 0.7281
1730.000000 0.7272 0.7264 0.7255 0.7247 0.7238
1725.000000 0.7228 0.7218 0.7207 0.7190 0.7174
1720.000000 0.7155 0.7131 0.7103 0.7075 0.7051
1715.000000 0.7028 0.7018 0.7012 0.7008 0.7003
1710.000000 0.6997 0.6991 0.6978 0.6961 0.6940
1705.000000 0.6914 0.6878 0.6845 0.6817 0.6792
1700.000000 0.6767 0.6743 0.6719 0.6701 0.6684
1695.000000 0.6667 0.6650 0.6632 0.6615 0.6595
1690.000000 0.6569 0.6542 0.6514 0.6487 0.6458
1685.000000 0.6432 0.6406 0.6379 0.6353 0.6326
1680.000000 0.6299 0.6271 0.6244 0.6216 0.6188
1675.000000 0.6160 0.6133 0.6104 0.6075 0.6045
1670.000000 0.6020 0.6003 0.5998 0.5995 0.5991
1665.000000 0.5987 0.5986 0.5984 0.5991 0.5995
1660.000000 0.6000 0.6006 0.6015 0.6024 0.6033
1655.000000 0.6042 0.6052 0.6062 0.6075 0.6086
1650.000000 0.6097 0.6108 0.6119 0.6131 0.6143
1645.000000 0.6154 0.6167 0.6180 0.6193 0.6206
1640.000000 0.6220 0.6233 0.6246 0.6258 0.6267
1635.000000 0.6275 0.6283 0.6292 0.6300 0.6309
1630.000000 0.6317 0.6326 0.6335 0.6344 0.6352
1625.000000 0.6360 0.6369 0.6376 0.6381 0.6387
1620.000000 0.6393 0.6398 0.6403 0.6408 0.6414
1615.000000 0.6415 0.6418 0.6422 0.6425 0.6428
1610.000000 0.6432 0.6436 0.6439 0.6442 0.6444
1605.000000 0.6446 0.6447 0.6449 0.6451 0.6451
1600.000000 0.6454 0.6455 0.6457 0.6458 0.6460
1595.000000 0.6461 0.6482 0.6465 0.6467 0.6468
1590.000000 0.6469 0.6471 0.6471 0.6471 0.6472
1585.000000 0.6472 0.6474 0.6474 0.6474 0.6475
1580.000000 0.6475 0.6475 0.6475 0.6476 0.6476
1575.000000 0.6474 0.6461 0.6443 0.6428 0.6412
1570.000000 0.6398 0.6383 0.6369 0.6356 0.6347
1565.000000 0.6338 0.6328 0.6319 0.6309 0.6300
1560.000000 0.6290 0.6281 0.6272 0.6262 0.6253
1555.000000 0.6244 0.6235 0.6225 0.6217 0.6209
1550.000000 0.6199 0.6191 0.6180 0.6167 0.6155
1545.000000 0.6141 0.6127 0.6115 0.6106 0.6096
1540.000000 0.6085 0.6074 0.6062 0.6052 0.6040
1535.000000 0.6028 0.6017 0.6006 0.5994 0.5982
1530.000000 0.5971 0.5959 0.5947 0.5935 0.5924
1525.000000 0.5916 0.5910 0.5903 0.5895 0.5889
1520.000000 0.5881 0.5875 0.5868 0.5862 0.5856
1515.000000 0.5851 0.5845 0.5837 0.5825 0.5812
1510.000000 0.5798 0.5784 0.5764 0.5743 0.5721
1505.000000 0.5700 0.5678 0.5657 0.5635 0.5612
1500.000000 0.5591 0.5570 0.5548 0.5525 0.5504
1495.000000 0.5481 0.5458 0.5433 0.5408 0.5384
1490.000000 0.5359 0.5334 0.5309 0.5283 0.5254
1485.000000 0.5223 0.5194 0.5164 0.5135 0.5105
1480.000000 0.5076 0.5046 0.5002 0.4924 0.4753
1475.000000 0.4687 0.4681 0.4679 0.4675 0.4672
1470.000000 0.4668 0.4665 0.4658 0.4649 0.4640
1465.000000 0.4631 0.4621 0.4606 0.4581 0.4553
1460.000000 0.4522 0.4488 0.4454 0.4417 0.4378
1455.000000 0.4338 0.4296 0.4240 0.4180 0.4135
1450.000000 0.4095 0.4062 0.4034 0.4008 0.3982
1445.000000 0.3959 0.3938 0.3916 0.3899 0.3882
1440.000000 0.3864 0.3850 0.3836 0.3822 0.3807
1435.000000 0.3803 0.3798 0.3795 0.3790 0.3793
1430.000000 0.3793 0.3794 0.3796 0.3802 0.3809
1425.000000 0.3880 0.4079 0.4186 0.4256 0.4317
1420.000000 0.4367 0.4416 0.4453 0.4487 0.4521
1415.000000 0.4555 0.4588 0.4624 0.4662 0.4685
1410.000000 0.4692 0.4708 0.4687 0.4680 0.4648
1405.000000 0.4581 0.4499 0.4433 0.4372 0.4310
1400.000000 0.4250 0.4189 0.4138 0.4097 0.4068
1395.000000 0.4043 0.4018 0.3997 0.3976 0.3968
1390.000000 0.3959 0.3928 0.3947 0.3946 0.3958
1385.000000 0.3995 0.4041 0.4092 0.4144 0.4187
1380.000000 0.4224 0.4255 0.4273 0.4291 0.4286
1375.000000 0.4268 0.4233 0.4191 0.4190 0.4194
1370.000000 0.4197 0.4200 0.4201 0.4194 0.4178
1365.000000 0.4147 0.4080 0.4109 0.4116 0.4162
1360.000000 0.4222 0.4282 0.4343 0.4440 0.4448
1355.000000 0.4449 0.4433 0.4385 0.4326 0.4253
1350.000000 0.4181 0.4072 0.3959 0.3734 0.3795
1345.000000 0.3790 0.3788 0.3823 0.3891 0.3958
1340.000000 0.4025 0.4093 0.4162 0.4231 0.4302
1335.000000 0.4373 0.4434 0.4485 0.4523 0.4543
1330.000000 0.4543 0.4543 0.4545 0.4558 0.4580
1325.000000 0.4628 0.4722 0.4840 0.4971 0.5101
1320.000000 0.5209 0.5252 0.5260 0.5268 0.5268
1315.000000 0.5268 0.5265 0.5257 0.5238 0.5208
1310.000000 0.5186 0.5167 0.5150 0.5138 0.5128
1305.000000 0.5110 0.5075 0.5010 0.4946 0.4910
1300.000000 0.4890 0.4849 0.4877 0.4877 0.4936
1295.000000 0.5024 0.5105 0.5220 0.5289 0.5338
1290.000000 0.5369 0.5392 0.5401 0.5401 0.5402
1285.000000 0.5380 0.5354 0.5321 0.5289 0.5257
1280.000000 0.5226 0.5198 0.5169 0.5141 0.5112
1275.000000 0.5078 0.5040 0.4997 0.4935 0.4871
1270.000000 0.4757 0.4641 0.4562 0.4504 0.4448
1265.000000 0.4399 0.4377 0.4368 0.4369 0.4369
1260.000000 0.4385 0.4446 0.4512 0.4578 0.4644
1255.000000 0.4710 0.4762 0.4810 0.4860 0.4909
1250.000000 0.4954 0.4991 0.5023 0.5054 0.5085
1245.000000 0.5120 0.5157 0.5195 0.5234 0.5270
1240.000000 0.5296 0.5322 0.5347 0.5364 0.5398
1235.000000 0.5367 0.5366 0.5350 0.5304 0.5249
1230.000000 0.5198 0.5152 0.5098 0.5003 0.4924
1225.000000 0.4857 0.4802 0.4752 0.4706 0.4668
1220.000000 0.4649 0.4638 0.4631 0.4625 0.4621
1215.000000 0.4617 0.4612 0.4607 0.4587 0.4531
1210.000000 0.4448 0.4291 0.4223 0.4165 0.4108
1205.000000 0.4055 0.4018 0.3986 0.3940 0.3954
1200.000000 0.4005 0.4105 0.4170 0.4233 0.4294
1195.000000 0.4352 0.4393 0.4431 0.4459 0.4498
1190.000000 0.4472 0.4469 0.4467 0.4451 0.4427
1185.000000 0.4401 0.4327 0.4246 0.4179 0.4110
1180.000000 0.4043 0.3968 0.3896 0.3823 0.3712
1175.000000 0.3562 0.3450 0.3343 0.3222 0.3140
1170.000000 0.3092 0.3082 0.3064 0.3061 0.3070
1165.000000 0.3308 0.3416 0.3520 0.3621 0.3689
1160.000000 0.3729 0.3757 0.3777 0.3800 0.3789
1155.000000 0.3770 0.3741 0.3660 0.3575 0.3432
1150.000000 0.3255 0.3031 0.2869 0.2720 0.2657
1145.000000 0.2635 0.2563 0.2604 0.2596 0.2593
1140.000000 0.2650 0.2672 0.2684 0.2694 0.2703
1135.000000 0.2715 0.2745 0.2780 0.2838 0.2902
1130.000000 0.2933 0.2968 0.2950 0.2947 0.2929
1125.000000 0.2901 0.2839 0.2673 0.2589 0.2527
1120.000000 0.2462 0.2354 0.2252 0.2226 0.2240
1115.000000 0.2281 0.2355 0.2439 0.2549 0.2666
1110.000000 0.2756 0.2789 0.2811 0.2840 0.2828
1105.000000 0.2766 0.2640 0.2469 0.2364 0.2268
1100.000000 0.2184 0.2102 0.2024 0.1950 0.1884
1095.000000 0.1862 0.1867 0.1892 0.1968 0.2068
1090.000000 0.2193 0.2252 0.2268 0.2272 0.2264
1085.000000 0.2247 0.2232 0.2221 0.2255 0.2301
1080.000000 0.2345 0.2370 0.2384 0.2349 0.2202
1075.000000 0.2093 0.2021 0.1979 0.1979 0.2001
1070.000000 0.2057 0.2125 0.2200 0.2297 0.2400
1065.000000 0.2526 0.2631 0.2618 0.2605 0.2489
1060.000000 0.2331 0.2367 0.2366 0.2427 0.2538
1055.000000 0.2672 0.2775 0.2849 0.2905 0.2937
1050.000000 0.2955 0.2971 0.2972 0.2961 0.2932
1045.000000 0.2821 0.2647 0.2478 0.2264 0.2067
1040.000000 0.1944 0.1865 0.1820 0.1791 0.1749
1035.000000 0.1748 0.1746 0.1744 0.1794 0.1886
1030.000000 0.1981 0.2078 0.2207 0.2348 0.2440
1025.000000 0.2468 0.2459 0.2448 0.2392 0.2321
1020.000000 0.2275 0.2285 0.2528 0.2660 0.2769
1015.000000 0.2869 0.2974 0.3068 0.3127 0.3172
1010.000000 0.3188 0.3228 0.3177 0.3134 0.3107
1005.000000 0.3077 0.3090 0.3106 0.3232 0.3438
1000.000000 0.3549 0.3634 0.3721 0.3791 0.3830
995.000000 0.3827 0.3826 0.3799 0.3673 0.3443
990.000000 0.3140 0.3038 0.3030 0.3065 0.3202
985.000000 0.3321 0.3434 0.3546 0.3657 0.3764
980.000000 0.3841 0.3916 0.3990 0.4055 0.4116
975.000000 0.4178 0.4239 0.4302 0.4366 0.4430
970.000000 0.4495 0.4565 0.4635 0.4706 0.4776
965.000000 0.4845 0.4906 0.4968 0.5030 0.5086
960.000000 0.5144 0.5199 0.5241 0.5274 0.5301
955.000000 0.5324 0.5343 0.5359 0.5374 0.5388
950.000000 0.5408 0.5428 0.5459 0.5496 0.5537
945.000000 0.5581 0.5625 0.5669 0.5705 0.5740
940.000000 0.5776 0.5812 0.5848 0.5884 0.5920
935.000000 0.5955 0.5990 0.6026 0.6058 0.6089
930.000000 0.6119 0.6145 0.6168 0.6187 0.6238
925.000000 0.6215 0.6205 0.6182 0.6134 0.6035
920.000000 0.5890 0.5760 0.5628 0.5512 0.5430
915.000000 0.5467 0.5581 0.5660 0.5739 0.5814
910.000000 0.5879 0.5954 0.5950 0.5933 0.5856
905.000000 0.5655 0.5393 0.5147 0.4845 0.4585
900.000000 0.4447 0.4465 0.4588 0.4859 0.5056
895.000000 0.5234 0.5379 0.5530 0.5664 0.5765
890.000000 0.5866 0.5964 0.6052 0.6140 0.6128
885.000000 0.6102 0.6042 0.5937 0.5772 0.5535
880.000000 0.5289 0.5042 0.4734 0.4459 0.4360
875.000000 0.4382 0.4521 0.4765 0.4910 0.5050
870.000000 0.5238 0.5436 0.5555 0.5676 0.5793
865.000000 0.5905 0.6021 0.6148 0.6256 0.6341
860.000000 0.6396 0.6447 0.6497 0.6544 0.6589
855.000000 0.6634 0.6672 0.6695 0.6708 0.6721
850.000000 0.6735 0.6750 0.6775 0.6760 0.6756
845.000000 0.6744 0.6733 0.6722 0.6708 0.6696
840.000000 0.6683 0.6669 0.6656 0.6643 0.6630
835.000000 0.6615 0.6601 0.6581 0.6561 0.6540
830.000000 0.6508 0.6475 0.6442 0.6397 0.6353
825.000000 0.6309 0.6264 0.6214 0.6164 0.6115
820.000000 0.6069 0.6025 0.5981 0.5937 0.5892
815.000000 0.5848 0.5809 0.5770 0.5730 0.5691
810.000000 0.5647 0.5600 0.5553 0.5506 0.5459
805.000000 0.5414 0.5370 0.5325 0.5277 0.5227
800.000000 0.5178 0.5124 0.5066 0.4997 0.4922
795.000000 0.4847 0.4757 0.4662 0.4570 0.4478
790.000000 0.4385 0.4281 0.4166 0.4047 0.3927
785.000000 0.3802 0.3666 0.3523 0.3366 0.3248
780.000000 0.3193 0.3155 0.3102 0.3116 0.3107
775.000000 0.3103 0.3115 0.3144 0.3182 0.3214
770.000000 0.3242 0.3264 0.3279 0.3289 0.3292
765.000000 0.3294 0.3300 0.3309 0.3318 0.3332
760.000000 0.3328 0.3318 0.3309 0.3300 0.3291
755.000000 0.3292 0.3293 0.3295 0.3308 0.3321
750.000000 0.3334 0.3348 0.3362 0.3379 0.3394
745.000000 0.3409 0.3425 0.3441 0.3459 0.3477
740.000000 0.3494 0.3512 0.3530 0.3548 0.3566
735.000000 0.3584 0.3604 0.3623 0.3642 0.3659
730.000000 0.3671 0.3684 0.3697 0.3709 0.3721
725.000000 0.3738 0.3757 0.3776 0.3795 0.3812
720.000000 0.3830 0.3847 0.3862 0.3879 0.3890
715.000000 0.3900 0.3912 0.3923 0.3934 0.3946
710.000000 0.3959 0.3971 0.3984 0.4000 0.4029
705.000000 0.4060 0.4106 0.4152 0.4198 0.4246
700.000000 0.4297 0.4347 0.4397 0.4447 0.4496
695.000000 0.4554 0.4610 0.4658 0.4693 0.4716
690.000000 0.4717 0.4717 0.4702 0.4688 0.4667
685.000000 0.4646 0.4621 0.4587 0.4552 0.4518
680.000000 0.4484 0.4449 0.4419 0.4389 0.4358
675.000000 0.4327 0.4305 0.4286 0.4273 0.4273
670.000000 0.4276 0.4280 0.4283 0.4290