450.633000 0.5650 0.5650 0.5650 0.5650 0.5640
455.379838 0.5620 0.5620 0.5620 0.5610 0.5590
460.126676 0.5560 0.5550 0.5520 0.5490 0.5490
464.873514 0.5460 0.5420 0.5370 0.5340 0.5300
469.620352 0.5280 0.5270 0.5270 0.5280 0.5360
474.367190 0.5490 0.5620 0.5789 0.5919 0.5990
479.114028 0.6040 0.6070 0.6080 0.6100 0.6100
483.860865 0.6080 0.6080 0.6050 0.6040 0.6020
488.607703 0.6010 0.6010 0.5920 0.5900 0.5890
493.354541 0.5810 0.5790 0.5770 0.5700 0.5640
498.101379 0.5610 0.5590 0.5560 0.5550 0.5520
502.848217 0.5500 0.5490 0.5480 0.5460 0.5450
507.595055 0.5400 0.5390 0.5340 0.5330 0.5240
512.341893 0.5220 0.5120 0.5020 0.4990 0.4871
517.088731 0.4750 0.4570 0.4440 0.4260 0.4090
521.835569 0.4070 0.4090 0.4150 0.4200 0.4260
526.582407 0.4290 0.4320 0.4320 0.4320 0.4260
531.329245 0.4220 0.4150 0.4011 0.3950 0.3880
536.076083 0.3750 0.3660 0.3500 0.3410 0.3380
540.822921 0.3629 0.4088 0.4090 0.4060 0.4010
545.569758 0.3970 0.3880 0.3730 0.3540 0.3301
550.316596 0.3081 0.3070 0.3070 0.3080 0.3140
555.063434 0.3190 0.3300 0.3410 0.3500 0.3570
559.810272 0.3600 0.3630 0.3660 0.3670 0.3700
564.557110 0.3700 0.3700 0.3720 0.3720 0.3700
569.303948 0.3700 0.3690 0.3670 0.3640 0.3630
574.050786 0.3600 0.3570 0.3540 0.3510 0.3480
578.797624 0.3440 0.3410 0.3380 0.3320 0.3290
583.544462 0.3290 0.3300 0.3300 0.3350 0.3380
588.291300 0.3440 0.3450 0.3480 0.3530 0.3540
593.038138 0.3550 0.3580 0.3610 0.3630 0.3660
597.784976 0.3690 0.3730 0.3760 0.3790 0.3870
602.531814 0.3890 0.3920 0.4010 0.4060 0.4070
607.278651 0.4100 0.4130 0.4180 0.4200 0.4260
612.025489 0.4280 0.4320 0.4340 0.4350 0.4430
616.772327 0.4460 0.4500 0.4510 0.4530 0.4540
621.519165 0.4600 0.4630 0.4660 0.4680 0.4720
626.266003 0.4750 0.4770 0.4780 0.4800 0.4800
631.012841 0.4800 0.4780 0.4770 0.4750 0.4680
635.759679 0.4650 0.4570 0.4510 0.4470 0.4470
640.506517 0.4490 0.4500 0.4530 0.4570 0.4660
645.253355 0.4690 0.4770 0.4850 0.4900 0.4990
650.000193 0.5000 0.5050 0.5060 0.5090 0.5110
654.747031 0.5110 0.5110 0.5110 0.5110 0.5110
659.493869 0.5090 0.5090 0.5080 0.5080 0.5060
664.240707 0.5020 0.5020 0.5000 0.4990 0.4930
668.987544 0.4880 0.4770 0.4750 0.4680 0.4650
673.734382 0.4600 0.4540 0.4470 0.4380 0.4340
678.481220 0.4250 0.4190 0.4090 0.4070 0.4070
683.228058 0.4070 0.4090 0.4100 0.4130 0.4160
687.974896 0.4230 0.4260 0.4340 0.4370 0.4440
692.721734 0.4440 0.4470 0.4490 0.4540 0.4560
697.468572 0.4590 0.4630 0.4680 0.4770 0.4870
702.215410 0.4930 0.5000 0.5080 0.5090 0.5219
706.962248 0.5240 0.5250 0.5250 0.5250 0.5240
711.709086 0.5220 0.5220 0.5180 0.5150 0.5120
716.455924 0.5110 0.5020 0.5000 0.4940 0.4810
721.202762 0.4740 0.4720 0.4720 0.4750 0.4750
725.949600 0.4780 0.4800 0.4810 0.4810 0.4800
730.696438 0.4800 0.4810 0.4810 0.4830 0.4850
735.443275 0.4870 0.4900 0.5110 0.5210 0.5310
740.190113 0.5499 0.5679 0.5770 0.5830 0.5890
744.936951 0.5950 0.6010 0.6050 0.6120 0.6170
749.683789 0.6230 0.6270 0.6320 0.6350 0.6390
754.430627 0.6440 0.6460 0.6510 0.6570 0.6580
759.177465 0.6580 0.6610 0.6640 0.6720 0.6750
763.924303 0.6760 0.6770 0.6790 0.6800 0.6830
768.671141 0.6890 0.6910 0.6910 0.6940 0.6940
773.417979 0.6950 0.7000 0.7040 0.7060 0.7060
778.164817 0.7070 0.7090 0.7100 0.7130 0.7160
782.911655 0.7160 0.7190 0.7190 0.7200 0.7200
787.658493 0.7230 0.7230 0.7250 0.7260 0.7310
792.405331 0.7320 0.7340 0.7350 0.7350 0.7350
797.152168 0.7370 0.7380 0.7380 0.7400 0.7400
801.899006 0.7400 0.7400 0.7410 0.7410 0.7420
806.645844 0.7420 0.7420 0.7440 0.7440 0.7440
811.392682 0.7440 0.7420 0.7420 0.7420 0.7420
816.139520 0.7410 0.7400 0.7400 0.7380 0.7380
820.886358 0.7370 0.7340 0.7310 0.7290 0.7260
825.633196 0.7230 0.7190 0.7140 0.7130 0.7100
830.380034 0.7090 0.7060 0.7010 0.7000 0.6980
835.126872 0.6940 0.6920 0.6910 0.6830 0.6790
839.873710 0.6770 0.6760 0.6520 0.6390 0.6320
844.620548 0.6071 0.5761 0.5481 0.5002 0.4881
849.367386 0.4540 0.4260 0.4260 0.4649 0.4969
854.114224 0.5090 0.5549 0.5799 0.5919 0.5900
858.861061 0.5870 0.5860 0.5740 0.5421 0.5250
863.607899 0.4472 0.4042 0.3811 0.3551 0.3331
868.354737 0.3130 0.3130 0.3510 0.4569 0.5369
873.101575 0.5480 0.5769 0.6139 0.6329 0.6489
877.848413 0.6630 0.6750 0.6770 0.6850 0.6860
882.595251 0.6890 0.6910 0.6910 0.6890 0.6890
887.342089 0.6850 0.6820 0.6790 0.6760 0.6750
892.088927 0.6640 0.6600 0.6451 0.6301 0.6171
896.835765 0.6020 0.5890 0.5740 0.5340 0.4741
901.582603 0.4321 0.4071 0.3821 0.3392 0.2823
906.329441 0.2150 0.1500 0.1440 0.1440 0.1809
911.076279 0.2019 0.2030 0.2060 0.2080 0.2120
915.823117 0.2180 0.2180 0.2150 0.1960 0.1900
920.569954 0.1960 0.2139 0.2389 0.2679 0.3038
925.316792 0.3581 0.4370 0.4680 0.4880 0.4990
930.063630 0.5110 0.5120 0.5110 0.5110 0.5030
934.810468 0.5000 0.4880 0.4690 0.4500 0.4121
939.557306 0.3950 0.3781 0.3641 0.3530 0.3530
944.304144 0.3720 0.4260 0.4590 0.4929 0.5239
949.050982 0.5549 0.5680 0.5899 0.6069 0.6179
953.797820 0.6300 0.6320 0.6330 0.6360 0.6380
958.544658 0.6380 0.6360 0.6350 0.6330 0.6320
963.291496 0.6300 0.6260 0.6200 0.6170 0.6070
968.038334 0.6010 0.5890 0.5860 0.5760 0.5611
972.785172 0.5390 0.5090 0.5020 0.4681 0.4490
977.532010 0.4291 0.4150 0.3981 0.3781 0.3243
982.278847 0.2490 0.2270 0.1901 0.1561 0.1121
987.025685 0.0911 0.0691 0.0660 0.0541 0.0470
991.772523 0.0440 0.0440 0.0470 0.0510 0.0670
996.519361 0.1069 0.1309 0.1350 0.1350 0.1320
1001.266199 0.1290 0.1100 0.1010 0.0910 0.0900
1006.013037 0.0900 0.0980 0.1090 0.1120 0.1120
1010.759875 0.1060 0.1000 0.0980 0.0960 0.0940
1015.506713 0.1000 0.1040 0.1249 0.1499 0.1709
1020.253551 0.2030 0.2330 0.2540 0.2730 0.2760
1025.000389 0.2770 0.2740 0.2730 0.2680 0.2610
1029.747227 0.2490 0.2400 0.2140 0.1990 0.1681
1034.494065 0.1441 0.1071 0.0960 0.0821 0.0691
1039.240903 0.0640 0.0630 0.0630 0.0620 0.0560
1043.987740 0.0540 0.0530 0.0510 0.0440 0.0390
1048.734578 0.0380 0.0360 0.0360 0.0330 0.0290
1053.481416 0.0290 0.0280 0.0280 0.0280 0.0290
1058.228254 0.0320 0.0380 0.0390 0.0390 0.0390
1062.975092 0.0360 0.0310 0.0310 0.0230 0.0200
1067.721930 0.0160 0.0140 0.0130 0.0140 0.0140
1072.468768 0.0170 0.0190 0.0220 0.0230 0.0230
1077.215606 0.0260 0.0310 0.0360 0.0380 0.0440
1081.962444 0.0480 0.0620 0.0720 0.0780 0.0999
1086.709282 0.1060 0.1120 0.1290 0.1400 0.1530
1091.456120 0.1799 0.2019 0.2179 0.2230 0.2240
1096.202958 0.2230 0.2210 0.2180 0.2170 0.2150
1100.949796 0.1991 0.1801 0.1621 0.1381 0.1340
1105.696633 0.1310 0.1290 0.1320 0.1500 0.1630
1110.443471 0.1710 0.1710 0.1630 0.1560 0.1371
1115.190309 0.1270 0.1100 0.1070 0.1070 0.1130
1119.937147 0.1150 0.1190 0.1190 0.1180 0.1180
1124.683985 0.1120 0.1090 0.1070 0.1040 0.1030
1129.430823 0.1010 0.1040 0.1070 0.1120 0.1269
1134.177661 0.1320 0.1350 0.1410 0.1410 0.1440
1138.924499 0.1490 0.1560 0.1610 0.1720 0.1989
1143.671337 0.2280 0.2550 0.2860 0.3080 0.3230
1148.418175 0.3529 0.3699 0.4128 0.4279 0.4469
1153.165013 0.4570 0.4680 0.4740 0.4740 0.4720
1157.911851 0.4690 0.4660 0.4650 0.4461 0.4291
1162.658689 0.4260 0.4280 0.4380 0.4440 0.4560
1167.405526 0.4770 0.4810 0.4810 0.4750 0.4660
1172.152364 0.4630 0.4650 0.4710 0.4880 0.5139
1176.899202 0.5359 0.5500 0.5918 0.6149 0.6289
1181.646040 0.6320 0.6390 0.6480 0.6550 0.6580
1186.392878 0.6610 0.6630 0.6640 0.6640 0.6660
1191.139716 0.6660 0.6660 0.6640 0.6630 0.6630
1195.886554 0.6610 0.6580 0.6540 0.6450 0.6440
1200.633392 0.6320 0.6240 0.6120 0.6020 0.5950
1205.380230 0.5870 0.5770 0.5640 0.5451 0.5251
1210.127068 0.5120 0.4930 0.4930 0.5120 0.5280
1214.873906 0.5489 0.5649 0.5869 0.6039 0.6120
1219.620744 0.6140 0.6150 0.6140 0.6100 0.6070
1224.367582 0.6010 0.5900 0.5870 0.5790 0.5681
1229.114420 0.5530 0.5370 0.5360 0.4901 0.4631
1233.861257 0.4490 0.4350 0.4250 0.4160 0.4070
1238.608095 0.4060 0.4040 0.4040 0.4040 0.4060
1243.354933 0.4060 0.4070 0.4150 0.4250 0.4369
1248.101771 0.4560 0.4720 0.4880 0.5020 0.5240
1252.848609 0.5699 0.5810 0.5870 0.5900 0.5950
1257.595447 0.5990 0.6010 0.5990 0.5990 0.5980
1262.342285 0.5960 0.5950 0.5930 0.5900 0.5890
1267.089123 0.5800 0.5740 0.5650 0.5620 0.5610
1271.835961 0.5480 0.5370 0.5270 0.5220 0.5140
1276.582799 0.5110 0.5020 0.4880 0.4690 0.4620
1281.329637 0.4590 0.4620 0.4660 0.4690 0.4839
1286.076475 0.5000 0.5050 0.5120 0.5250 0.5480
1290.823313 0.5550 0.5670 0.5800 0.5810 0.5810
1295.570150 0.5800 0.5790 0.5760 0.5670 0.5640
1300.316988 0.5530 0.5400 0.5271 0.5121 0.5110
1305.063826 0.5080 0.5060 0.5060 0.5050 0.5030
1309.810664 0.5020 0.4990 0.4900 0.4840 0.4780
1314.557502 0.4770 0.4630 0.4560 0.4460 0.4290
1319.304340 0.4160 0.4070 0.3940 0.3811 0.3701
1324.051178 0.3640 0.3610 0.3630 0.3700 0.4069
1328.798016 0.4180 0.4290 0.4370 0.4470 0.4560
1333.544854 0.4570 0.4620 0.4680 0.4680 0.4560
1338.291692 0.4470 0.4281 0.4071 0.3891 0.3701
1343.038530 0.3420 0.3360 0.3320 0.3320 0.3330
1347.785368 0.3350 0.3360 0.3380 0.3420 0.3539
1352.532206 0.4060 0.4130 0.4280 0.4570 0.4780
1357.279043 0.4800 0.4810 0.4800 0.4800 0.4770
1362.025881 0.4660 0.4470 0.4370 0.4310 0.4200
1366.772719 0.4180 0.4160 0.4180 0.4220 0.4349
1371.519557 0.4430 0.4430 0.4440 0.4440 0.4440
1376.266395 0.4460 0.4490 0.4590 0.4899 0.4940
1381.013233 0.4960 0.4990 0.4960 0.4930 0.4910
1385.760071 0.4900 0.4900 0.4910 0.5000 0.5030
1390.506909 0.5120 0.5240 0.5360 0.5370 0.5430
1395.253747 0.5480 0.5490 0.5500 0.5490 0.5490
1400.000585 0.5480 0.5390 0.5140 0.5060 0.4930
1404.747423 0.4800 0.4680 0.4570 0.4540 0.4530
1409.494261 0.4540 0.4560 0.4590 0.4620 0.4660
1414.241099 0.4660 0.4600 0.4570 0.4510 0.4470
1418.987936 0.4410 0.4370 0.4220 0.4160 0.4100
1423.734774 0.4090 0.4070 0.4060 0.4040 0.4040
1428.481612 0.4030 0.4040 0.4090 0.4120 0.4150
1433.228450 0.4180 0.4250 0.4280 0.4320 0.4350
1437.975288 0.4370 0.4460 0.4510 0.4590 0.4690
1442.722126 0.4780 0.4800 0.4900 0.5029 0.5159
1447.468964 0.5270 0.5420 0.5500 0.5550 0.5560
1452.215802 0.5560 0.5550 0.5520 0.5490 0.5390
1456.962640 0.5150 0.5030 0.4810 0.4750 0.4750
1461.709478 0.4830 0.4910 0.5089 0.5239 0.5270
1466.456316 0.5460 0.5710 0.5890 0.6080 0.6240
1471.203154 0.6350 0.6350 0.6300 0.6181 0.6150
1475.949992 0.6050 0.6050 0.6200 0.6330 0.6610
1480.696829 0.7139 0.7449 0.7759 0.7939 0.8119
1485.443667 0.8250 0.8270 0.8410 0.8530 0.8620
1490.190505 0.8710 0.8710 0.8800 0.8949 0.8960
1494.937343 0.9010 0.9050 0.9090 0.9180 0.9200
1499.684181 0.9230 0.9260 0.9290 0.9330 0.9350
1504.431019 0.9370 0.9370 0.9400 0.9430 0.9460
1509.177857 0.9490 0.9490 0.9510 0.9540 0.9550
1513.924695 0.9550 0.9570 0.9580 0.9610 0.9630
1518.671533 0.9640 0.9640 0.9660 0.9670 0.9680
1523.418371 0.9680 0.9680 0.9700 0.9700 0.9710
1528.165209 0.9710 0.9730 0.9730 0.9730 0.9730
1532.912047 0.9730 0.9730 0.9730 0.9730 0.9730
1537.658885 0.9730 0.9730 0.9730 0.9730 0.9730
1542.405722 0.9730 0.9710 0.9710 0.9710 0.9710
1547.152560 0.9710 0.9710 0.9710 0.9730 0.9740
1551.899398 0.9740 0.9740 0.9740 0.9730 0.9730
1556.646236 0.9740 0.9760 0.9760 0.9770 0.9770
1561.393074 0.9790 0.9800 0.9820 0.9820 0.9830
1566.139912 0.9830 0.9830 0.9830 0.9830 0.9830
1570.886750 0.9830 0.9830 0.9830 0.9830 0.9830
1575.633588 0.9830 0.9830 0.9830 0.9830 0.9830
1580.380426 0.9830 0.9830 0.9830 0.9830 0.9830
1585.127264 0.9830 0.9820 0.9820 0.9820 0.9800
1589.874102 0.9800 0.9800 0.9800 0.9800 0.9800
1594.620940 0.9800 0.9800 0.9800 0.9800 0.9790
1599.367778 0.9790 0.9790 0.9800 0.9800 0.9790
1604.114615 0.9790 0.9770 0.9770 0.9760 0.9760
1608.861453 0.9760 0.9740 0.9740 0.9740 0.9740
1613.608291 0.9710 0.9710 0.9700 0.9700 0.9700
1618.355129 0.9700 0.9680 0.9680 0.9700 0.9680
1623.101967 0.9680 0.9680 0.9680 0.9680 0.9670
1627.848805 0.9670 0.9670 0.9670 0.9660 0.9660
1632.595643 0.9660 0.9640 0.9640 0.9630 0.9630
1637.342481 0.9630 0.9630 0.9630 0.9630 0.9610
1642.089319 0.9610 0.9610 0.9610 0.9630 0.9630
1646.836157 0.9630 0.9630 0.9610 0.9610 0.9610
1651.582995 0.9610 0.9610 0.9630 0.9630 0.9630
1656.329833 0.9640 0.9640 0.9640 0.9640 0.9640
1661.076671 0.9660 0.9660 0.9660 0.9660 0.9660
1665.823509 0.9660 0.9660 0.9670 0.9680 0.9680
1670.570346 0.9680 0.9680 0.9680 0.9680 0.9680
1675.317184 0.9680 0.9680 0.9680 0.9680 0.9700
1680.064022 0.9710 0.9730 0.9740 0.9740 0.9760
1684.810860 0.9760 0.9760 0.9760 0.9760 0.9760
1689.557698 0.9770 0.9770 0.9770 0.9770 0.9770
1694.304536 0.9770 0.9770 0.9770 0.9770 0.9770
1699.051374 0.9790 0.9790 0.9790 0.9790 0.9790
1703.798212 0.9790 0.9790 0.9790 0.9790 0.9790
1708.545050 0.9790 0.9790 0.9790 0.9790 0.9770
1713.291888 0.9770 0.9770 0.9770 0.9790 0.9790
1718.038726 0.9790 0.9790 0.9790 0.9790 0.9770
1722.785564 0.9770 0.9770 0.9770 0.9770 0.9770
1727.532402 0.9770 0.9770 0.9760 0.9760 0.9760
1732.279239 0.9760 0.9760 0.9760 0.9760 0.9760
1737.026077 0.9760 0.9760 0.9760 0.9760 0.9760
1741.772915 0.9760 0.9760 0.9760 0.9760 0.9760
1746.519753 0.9760 0.9760 0.9760 0.9760 0.9760
1751.266591 0.9760 0.9770 0.9770 0.9770 0.9770
1756.013429 0.9770 0.9770 0.9770 0.9770 0.9770
1760.760267 0.9770 0.9760 0.9760 0.9760 0.9760
1765.507105 0.9760 0.9760 0.9770 0.9770 0.9770
1770.253943 0.9770 0.9770 0.9790 0.9770 0.9770
1775.000781 0.9770 0.9770 0.9770 0.9770 0.9770
1779.747619 0.9770 0.9770 0.9770 0.9770 0.9770
1784.494457 0.9770 0.9760 0.9760 0.9770 0.9770
1789.241295 0.9770 0.9790 0.9790 0.9770 0.9770
1793.988132 0.9790 0.9790 0.9790 0.9790 0.9790
1798.734970 0.9790 0.9770 0.9800 0.9790 0.9790
1803.481808 0.9790 0.9790 0.9790 0.9790 0.9790
1808.228646 0.9770 0.9770 0.9770 0.9770 0.9760
1812.975484 0.9760 0.9760 0.9760 0.9760 0.9760
1817.722322 0.9760 0.9760 0.9760 0.9760 0.9760
1822.469160 0.9760 0.9760 0.9760 0.9760 0.9760
1827.215998 0.9760 0.9760 0.9760 0.9760 0.9760
1831.962836 0.9760 0.9760 0.9760 0.9760 0.9760
1836.709674 0.9760 0.9760 0.9760 0.9770 0.9760
1841.456512 0.9760 0.9760 0.9760 0.9760 0.9760
1846.203350 0.9760 0.9760 0.9760 0.9760 0.9760
1850.950188 0.9760 0.9760 0.9760 0.9760 0.9760
1855.697025 0.9760 0.9760 0.9760 0.9740 0.9740
1860.443863 0.9740 0.9740 0.9740 0.9740 0.9740
1865.190701 0.9740 0.9740 0.9740 0.9730 0.9730
1869.937539 0.9730 0.9730 0.9730 0.9730 0.9730
1874.684377 0.9730 0.9730 0.9730 0.9730 0.9740
1879.431215 0.9740 0.9760 0.9760 0.9760 0.9760
1884.178053 0.9740 0.9730 0.9730 0.9740 0.9760
1888.924891 0.9760 0.9760 0.9740 0.9730 0.9710
1893.671729 0.9710 0.9710 0.9710 0.9710 0.9710
1898.418567 0.9710 0.9710 0.9710 0.9680 0.9680
1903.165405 0.9700 0.9700 0.9700 0.9680 0.9680
1907.912243 0.9680 0.9680 0.9680 0.9700 0.9680
1912.659081 0.9680 0.9680 0.9680 0.9680 0.9680
1917.405918 0.9670 0.9670 0.9670 0.9680 0.9680
1922.152756 0.9670 0.9670 0.9670 0.9660 0.9660
1926.899594 0.9660 0.9660 0.9660 0.9660 0.9660
1931.646432 0.9660 0.9660 0.9660 0.9660 0.9660
1936.393270 0.9670 0.9670 0.9670 0.9670 0.9670
1941.140108 0.9680 0.9680 0.9680 0.9680 0.9680
1945.886946 0.9680 0.9680 0.9680 0.9680 0.9680
1950.633784 0.9670 0.9670 0.9680 0.9680 0.9700
1955.380622 0.9710 0.9760 0.9790 0.9860 0.9860
1960.127460 0.9670 0.9640 0.9640 0.9640 0.9630
1964.874298 0.9630 0.9630 0.9630 0.9610 0.9610
1969.621136 0.9610 0.9610 0.9600 0.9600 0.9600
1974.367974 0.9600 0.9600 0.9600 0.9600 0.9580
1979.114811 0.9570 0.9570 0.9570 0.9570 0.9570
1983.861649 0.9570 0.9580 0.9580 0.9600 0.9600
1988.608487 0.9580 0.9580 0.9570 0.9520 0.9510
1993.355325 0.9480 0.9450 0.9420 0.9400 0.9400
1998.102163 0.9480 0.9490 0.9490 0.9485 0.9480
2002.849001 0.9480 0.9480 0.9480 0.9480 0.9470
2007.595839 0.9460 0.9460 0.9460 0.9460 0.9460
2012.342677 0.9460 0.9460 0.9455 0.9450 0.9450
2017.089515 0.9450 0.9440 0.9430 0.9430 0.9430
2021.836353 0.9430 0.9430 0.9430 0.9430 0.9430
2026.583191 0.9430 0.9415 0.9400 0.9386 0.9371
2031.330029 0.9370 0.9370 0.9360 0.9350 0.9336
2036.076867 0.9321 0.9320 0.9320 0.9310 0.9300
2040.823704 0.9300 0.9300 0.9295 0.9290 0.9290
2045.570542 0.9290 0.9280 0.9270 0.9265 0.9260
2050.317380 0.9251 0.9241 0.9235 0.9230 0.9230
2055.064218 0.9230 0.9221 0.9210 0.9210 0.9210
2059.811056 0.9205 0.9200 0.9191 0.9181 0.9175
2064.557894 0.9170 0.9170 0.9170 0.9170 0.9170
2069.304732 0.9161 0.9151 0.9150 0.9150 0.9150
2074.051570 0.9150 0.9150 0.9150 0.9145 0.9140
2078.798408 0.9140 0.9140 0.9140 0.9140 0.9131
2083.545246 0.9121 0.9115 0.9110 0.9101 0.9091
2088.292084 0.9090 0.9090 0.9076 0.9061 0.9055
2093.038922 0.9050 0.9050 0.9050 0.9041 0.9031
2097.785760 0.9021 0.9011 0.9001 0.8991 0.8985
2102.532597 0.8980 0.8971 0.8961 0.8960 0.8960
2107.279435 0.8956 0.8951 0.8950 0.8950 0.8950
2112.026273 0.8950 0.8941 0.8931 0.8930 0.8930
2116.773111 0.8930 0.8930 0.8930 0.8930 0.8926
2121.519949 0.8921 0.8920 0.8920 0.8920 0.8920
2126.266787 0.8920 0.8920 0.8920 0.8920 0.8920
2131.013625 0.8920 0.8920 0.8920 0.8911 0.8901
2135.760463 0.8900 0.8900 0.8900 0.8900 0.8909
2140.507301 0.8919 0.8911 0.8901 0.8900 0.8900
2145.254139 0.8900 0.8900 0.8900 0.8900 0.8896
2150.000977 0.8891 0.8868 0.8843 0.8836 0.8831
2154.747815 0.8830 0.8830 0.8821 0.8811 0.8810
2159.494653 0.8810 0.8806 0.8801 0.8791 0.8781
2164.241491 0.8776 0.8771 0.8757 0.8742 0.8732
2168.988328 0.8722 0.8716 0.8711 0.8710 0.8710
2173.735166 0.8710 0.8710 0.8706 0.8701 0.8692
2178.482004 0.8682 0.8676 0.8671 0.8662 0.8652
2183.228842 0.8646 0.8641 0.8640 0.8640 0.8640
2187.975680 0.8640 0.8640 0.8640 0.8640 0.8640
2192.722518 0.8640 0.8640 0.8640 0.8640 0.8632
2197.469356 0.8622 0.8620 0.8620 0.8620 0.8620
2202.216194 0.8620 0.8620 0.8620 0.8620 0.8616
2206.963032 0.8611 0.8610 0.8610 0.8589 0.8564
2211.709870 0.8560 0.8560 0.8548 0.8533 0.8526
2216.456708 0.8521 0.8520 0.8520 0.8512 0.8502
2221.203546 0.8496 0.8491 0.8478 0.8463 0.8452
2225.950384 0.8442 0.8440 0.8440 0.8436 0.8431
2230.697221 0.8422 0.8412 0.8406 0.8401 0.8392
2235.444059 0.8382 0.8380 0.8380 0.8364 0.8344
2240.190897 0.8336 0.8331 0.8330 0.8330 0.8322
2244.937735 0.8312 0.8310 0.8310 0.8306 0.8301
2249.684573 0.8292 0.8282 0.8276 0.8271 0.8262
2254.431411 0.8252 0.8250 0.8250 0.8246 0.8241
2259.178249 0.8240 0.8240 0.8240 0.8240 0.8232
2263.925087 0.8222 0.8220 0.8220 0.8220 0.8220
2268.671925 0.8216 0.8211 0.8210 0.8210 0.8202
2273.418763 0.8192 0.8190 0.8190 0.8186 0.8181
2278.165601 0.8172 0.8162 0.8160 0.8160 0.8156
2282.912439 0.8151 0.8150 0.8150 0.8150 0.8150
2287.659277 0.8142 0.8132 0.8126 0.8121 0.8112
2292.406114 0.8103 0.8100 0.8100 0.8096 0.8091
2297.152952 0.8083 0.8073 0.8066 0.8061 0.8056
2301.899790 0.8051 0.8050 0.8050 0.8043 0.8033
2306.646628 0.8026 0.8021 0.8013 0.8003 0.8000
2311.393466 0.8000 0.8000 0.8000 0.7996 0.7991
2316.140304 0.7990 0.7990 0.7983 0.7973 0.7970
2320.887142 0.7970 0.7970 0.7970 0.7966 0.7961
2325.633980 0.7960 0.7960 0.7960 0.7960 0.7960
2330.380818 0.7960 0.7960 0.7960 0.7964 0.7969
2335.127656 0.7970 0.7970 0.7970 0.7970 0.7966
2339.874494 0.7962 0.7960 0.7960 0.7953 0.7943
2344.621332 0.7940 0.7940 0.7947 0.7957 0.7960
2349.368170 0.7960 0.7964 0.7968 0.7967 0.7962
2354.115007 0.7960 0.7960 0.7950 0.7935 0.7920
2358.861845 0.7905 0.7900 0.7900 0.7893 0.7883
2363.608683 0.7877 0.7872 0.7870 0.7870 0.7870
2368.355521 0.7870 0.7870 0.7870 0.7863 0.7853
2373.102359 0.7850 0.7850 0.7847 0.7842 0.7840
2377.849197 0.7840 0.7830 0.7815 0.7810 0.7810
2382.596035 0.7810 0.7810 0.7803 0.7793 0.7787
2387.342873 0.7782 0.7780 0.7780 0.7783 0.7788
2392.089711 0.7790 0.7790 0.7790 0.7790 0.7790
2396.836549 0.7790 0.7787 0.7782 0.7780 0.7780
2401.583387 0.7773 0.7763 0.7760 0.7760 0.7757
2406.330225 0.7752 0.7750 0.7750 0.7747 0.7742
2411.077063 0.7734 0.7724 0.7720 0.7720 0.7717
2415.823900 0.7712 0.7704 0.7694 0.7687 0.7682
2420.570738 0.7680 0.7680 0.7674 0.7664 0.7660
2425.317576 0.7660 0.7660 0.7660 0.7657 0.7652
2430.064414 0.7650 0.7650 0.7644 0.7634 0.7621
2434.811252 0.7606 0.7600 0.7600 0.7597 0.7592
2439.558090 0.7581 0.7566 0.7554 0.7544 0.7540
2444.304928 0.7540 0.7537 0.7532 0.7524 0.7514
2449.051766 0.7507 0.7502 0.7500 0.7500 0.7494
2453.798604 0.7484 0.7477 0.7472 0.7461 0.7446
2458.545442 0.7434 0.7424 0.7420 0.7420 0.7420
2463.292280 0.7420 0.7420 0.7420 0.7420 0.7420
2468.039118 0.7417 0.7412 0.7410 0.7410 0.7410
2472.785956 0.7410 0.7410 0.7410 0.7407 0.7402
2477.532793 0.7400 0.7400 0.7400 0.7400 0.7400
2482.279631 0.7400 0.7400 0.7400 0.7400 0.7400
2487.026469 0.7394 0.7384 0.7377 0.7372 0.7370
2491.773307 0.7370 0.7364 0.7354 0.7350 0.7350
2496.520145 0.7350 0.7350 0.7350 0.7350 0.7350
2501.266983 0.7350 0.7350 0.7350 0.7350 0.7350
2506.013821 0.7350 0.7350 0.7350 0.7350 0.7350
2510.760659 0.7350 0.7350 0.7350 0.7347 0.7342
2515.507497 0.7334 0.7324 0.7317 0.7312 0.7304
2520.254335 0.7294 0.7282 0.7267 0.7260 0.7260
2525.001173 0.7257 0.7252 0.7250 0.7250 0.7250
2529.748011 0.7250 0.7245 0.7234 0.7227 0.7222
2534.494849 0.7212 0.7197 0.7185 0.7175 0.7170
2539.241686 0.7170 0.7167 0.7162 0.7160 0.7160
2543.988524 0.7155 0.7145 0.7140 0.7140 0.7132
2548.735362 0.7117 0.7107 0.7102 0.7100 0.7100
2553.482200 0.7097 0.7092 0.7090 0.7090 0.7090
2558.229038 0.7090 0.7090 0.7090 0.7090 0.7090
2562.975876 0.7085 0.7075 0.7070 0.7070 0.7067
2567.722714 0.7062 0.7060 0.7060 0.7055 0.7045
2572.469552 0.7040 0.7040 0.7037 0.7032 0.7025
2577.216390 0.7015 0.7010 0.7010 0.7010 0.7010
2581.963228 0.7007 0.7002 0.7000 0.7000 0.7000
2586.710066 0.7000 0.6995 0.6985 0.6972 0.6957
2591.456904 0.6947 0.6942 0.6935 0.6925 0.6918
2596.203742 0.6913 0.6903 0.6888 0.6875 0.6865
2600.950579 0.6853 0.6838 0.6828 0.6823 0.6815
2605.697417 0.6805 0.6798 0.6793 0.6785 0.6775
2610.444255 0.6765 0.6755 0.6745 0.6735 0.6728
2615.191093 0.6723 0.6720 0.6720 0.6708 0.6683
2619.937931 0.6668 0.6663 0.6653 0.6638 0.6630
2624.684769 0.6630 0.6625 0.6615 0.6610 0.6610
2629.431607 0.6608 0.6603 0.6595 0.6585 0.6578
2634.178445 0.6573 0.6565 0.6555 0.6550 0.6550
2638.925283 0.6548 0.6543 0.6540 0.6540 0.6540
2643.672121 0.6540 0.6540 0.6540 0.6540 0.6540
2648.418959 0.6535 0.6525 0.6520 0.6520 0.6520
2653.165797 0.6520 0.6513 0.6498 0.6488 0.6483
2657.912635 0.6476 0.6466 0.6458 0.6453 0.6448
2662.659473 0.6443 0.6440 0.6440 0.6429 0.6404
2667.406310 0.6383 0.6368 0.6358 0.6353 0.6343
2672.153148 0.6329 0.6316 0.6306 0.6298 0.6293
2676.899986 0.6286 0.6276 0.6262 0.6242 0.6224
2681.646824 0.6209 0.6196 0.6186 0.6178 0.6173
2686.393662 0.6166 0.6156 0.6148 0.6143 0.6132
2691.140500 0.6112 0.6096 0.6086 0.6080 0.6080
2695.887338 0.6078 0.6073 0.6064 0.6049 0.6036
2700.634176 0.6026 0.6018 0.6013 0.6000 0.5975
2705.381014 0.5954 0.5939 0.5928 0.5923 0.5916
2710.127852 0.5906 0.5898 0.5893 0.5890 0.5890
2714.874690 0.5886 0.5876 0.5870 0.5870 0.5870
2719.621528 0.5870 0.5874 0.5884 0.5892 0.5897
2724.368366 0.5900 0.5900 0.5900 0.5900 0.5900
2729.115203 0.5900 0.5904 0.5914 0.5920 0.5920
2733.862041 0.5920 0.5920 0.5920 0.5920 0.5916
2738.608879 0.5906 0.5894 0.5879 0.5870 0.5870
2743.355717 0.5868 0.5863 0.5856 0.5846 0.5838
2748.102555 0.5833 0.5824 0.5810 0.5795 0.5780
2752.849393 0.5765 0.5750 0.5738 0.5733 0.5726
2757.596231 0.5716 0.5705 0.5690 0.5674 0.5660
2762.343069 0.5648 0.5643 0.5636 0.5626 0.5620
2767.089907 0.5620 0.5618 0.5613 0.5610 0.5610
2771.836745 0.5607 0.5597 0.5583 0.5563 0.5545
2776.583583 0.5530 0.5517 0.5507 0.5498 0.5493
2781.330421 0.5488 0.5483 0.5475 0.5460 0.5447
2786.077259 0.5437 0.5428 0.5423 0.5415 0.5400
2790.824096 0.5385 0.5370 0.5360 0.5360 0.5357
2795.570934 0.5347 0.5330 0.5300 0.5275 0.5260
2800.317772 0.5245 0.5230 0.5215 0.5200 0.5184
2805.064610 0.5164 0.5148 0.5143 0.5135 0.5120
2809.811448 0.5105 0.5090 0.5075 0.5060 0.5045
2814.558286 0.5030 0.5017 0.5007 0.5000 0.5000
2819.305124 0.4998 0.4993 0.4981 0.4951 0.4925
2824.051962 0.4910 0.4900 0.4900 0.4897 0.4887
2828.798800 0.4874 0.4854 0.4834 0.4814 0.4800
2833.545638 0.4800 0.4796 0.4781 0.4761 0.4731
2838.292476 0.4705 0.4691 0.4677 0.4667 0.4656
2843.039314 0.4641 0.4626 0.4611 0.4596 0.4581
2847.786152 0.4564 0.4544 0.4520 0.4485 0.4460
2852.532989 0.4460 0.4452 0.4422 0.4393 0.4368
2857.279827 0.4337 0.4292 0.4256 0.4241 0.4224
2862.026665 0.4204 0.4180 0.4145 0.4112 0.4082
2866.773503 0.4056 0.4041 0.4027 0.4017 0.4006
2871.520341 0.3991 0.3968 0.3923 0.3889 0.3884
2876.267179 0.3872 0.3842 0.3816 0.3801 0.3778
2881.014017 0.3733 0.3695 0.3675 0.3654 0.3629
2885.760855 0.3610 0.3610 0.3601 0.3566 0.3539
2890.507693 0.3534 0.3530 0.3530 0.3531 0.3536
2895.254531 0.3540 0.3540 0.3541 0.3546 0.3549
2900.001369 0.3544 0.3535 0.3515 0.3489 0.3444
2904.748207 0.3406 0.3392 0.3363 0.3288 0.3215
2909.495045 0.3150 0.3100 0.3100 0.3124 0.3224
2914.241882 0.3321 0.3411 0.3480 0.3480 0.3479
2918.988720 0.3474 0.3461 0.3421 0.3377 0.3317
2923.735558 0.3262 0.3227 0.3190 0.3145 0.3104
2928.482396 0.3074 0.3040 0.2989 0.2947 0.2932
2933.229234 0.2918 0.2908 0.2900 0.2900 0.2900
2937.976072 0.2900 0.2902 0.2912 0.2924 0.2944
2942.722910 0.2974 0.3044 0.3120 0.3220 0.3375
2947.469748 0.3760 0.4100 0.4256 0.4385 0.4410
2952.216586 0.4433 0.4448 0.4461 0.4466 0.4473
2956.963424 0.4488 0.4503 0.4518 0.4527 0.4512
2961.710262 0.4497 0.4482 0.4464 0.4429 0.4387
2966.457100 0.4318 0.4246 0.4165 0.4085 0.4005
2971.203938 0.4007 0.4362 0.4657 0.4691 0.4720
2975.950775 0.4720 0.4716 0.4696 0.4675 0.4645
2980.697613 0.4618 0.4608 0.4603 0.4617 0.4635
2985.444451 0.4665 0.4692 0.4702 0.4695 0.4610
2990.191289 0.4540 0.4540 0.4543 0.4558 0.4580
2994.938127 0.4640 0.4703 0.4783 0.4862 0.4937
2999.684965 0.5002 0.5012 0.5014 0.4974 0.4937
3004.431803 0.4917 0.4896 0.4865 0.4833 0.4788
3009.178641 0.4747 0.4727 0.4708 0.4698 0.4690
3013.925479 0.4690 0.4690 0.4690 0.4689 0.4684
3018.672317 0.4680 0.4680 0.4678 0.4663 0.4649
3023.419155 0.4639 0.4628 0.4613 0.4599 0.4594
3028.165993 0.4586 0.4561 0.4539 0.4534 0.4526
3032.912831 0.4496 0.4469 0.4464 0.4455 0.4415
3037.659668 0.4378 0.4363 0.4346 0.4311 0.4278
3042.406506 0.4263 0.4247 0.4216 0.4189 0.4184
3047.153344 0.4177 0.4152 0.4126 0.4096 0.4068
3051.900182 0.4053 0.4039 0.4034 0.4028 0.4013
3056.647020 0.4000 0.4000 0.3999 0.3989 0.3975
3061.393858 0.3931 0.3889 0.3879 0.3867 0.3842
3066.140696 0.3818 0.3803 0.3787 0.3757 0.3728
3070.887534 0.3713 0.3697 0.3662 0.3629 0.3619
3075.634372 0.3607 0.3577 0.3550 0.3545 0.3536
3080.381210 0.3491 0.3447 0.3412 0.3379 0.3364
3085.128048 0.3348 0.3323 0.3300 0.3295 0.3287
3089.874886 0.3257 0.3227 0.3192 0.3158 0.3128
3094.621724 0.3099 0.3089 0.3079 0.3059 0.3038
3099.368562 0.3013 0.2988 0.2952 0.2917 0.2882
3104.115399 0.2848 0.2823 0.2799 0.2784 0.2767
3108.862237 0.2733 0.2699 0.2684 0.2667 0.2622
3113.609075 0.2579 0.2559 0.2539 0.2514 0.2490
3118.355913 0.2485 0.2478 0.2432 0.2387 0.2347
3123.102751 0.2309 0.2289 0.2269 0.2259 0.2249
3127.849589 0.2239 0.2228 0.2198 0.2169 0.2139
3132.596427 0.2109 0.2084 0.2059 0.2044 0.2029
3137.343265 0.2014 0.1999 0.1984 0.1969 0.1949
3142.090103 0.1929 0.1914 0.1899 0.1869 0.1840
3146.836941 0.1835 0.1829 0.1804 0.1778 0.1728
3151.583779 0.1680 0.1665 0.1650 0.1640 0.1630
3156.330617 0.1625 0.1619 0.1589 0.1559 0.1524
3161.077455 0.1489 0.1464 0.1439 0.1419 0.1400
3165.824292 0.1385 0.1369 0.1345 0.1320 0.1295
3170.571130 0.1270 0.1255 0.1240 0.1230 0.1220
3175.317968 0.1200 0.1180 0.1134 0.1090 0.1065
3180.064806 0.1040 0.1025 0.1010 0.1005 0.1000
3184.811644 0.0990 0.0980 0.0970 0.0960 0.0945
3189.558482 0.0930 0.0905 0.0880 0.0875 0.0870
3194.305320 0.0855 0.0840 0.0830 0.0820 0.0815
3199.052158 0.0810 0.0800 0.0790 0.0775 0.0760
3203.798996 0.0730 0.0700 0.0685 0.0670 0.0670
3208.545834 0.0670 0.0655 0.0640 0.0635 0.0630
3213.292672 0.0625 0.0620 0.0620 0.0620 0.0605
3218.039510 0.0590 0.0575 0.0560 0.0560 0.0560
3222.786348 0.0545 0.0530 0.0530 0.0530 0.0520
3227.533185 0.0510 0.0510 0.0510 0.0510 0.0510
3232.280023 0.0505 0.0500 0.0500 0.0500 0.0500
3237.026861 0.0500 0.0500 0.0500 0.0490 0.0480
3241.773699 0.0480 0.0480 0.0461 0.0441 0.0440
3246.520537 0.0440 0.0431 0.0421 0.0420 0.0420
3251.267375 0.0420 0.0420 0.0420 0.0420 0.0420
3256.014213 0.0420 0.0420 0.0420 0.0420 0.0420
3260.761051 0.0420 0.0420 0.0420 0.0420 0.0415
3265.507889 0.0410 0.0410 0.0410 0.0410 0.0410
3270.254727 0.0410 0.0410 0.0401 0.0391 0.0390
3275.001565 0.0390 0.0390 0.0390 0.0385 0.0380
3279.748403 0.0380 0.0380 0.0380 0.0380 0.0371
3284.495241 0.0361 0.0360 0.0360 0.0360 0.0360
3289.242078 0.0355 0.0350 0.0350 0.0350 0.0350
3293.988916 0.0350 0.0341 0.0331 0.0330 0.0330
3298.735754 0.0325 0.0320 0.0320 0.0320 0.0315
3303.482592 0.0310 0.0310 0.0310 0.0301 0.0291
3308.229430 0.0290 0.0290 0.0290 0.0290 0.0285
3312.976268 0.0280 0.0280 0.0280 0.0280 0.0280
3317.723106 0.0280 0.0280 0.0280 0.0280 0.0284
3322.469944 0.0289 0.0290 0.0290 0.0290 0.0290
3327.216782 0.0290 0.0290 0.0290 0.0290 0.0299
3331.963620 0.0309 0.0310 0.0310 0.0314 0.0319
3336.710458 0.0320 0.0320 0.0320 0.0320 0.0320
3341.457296 0.0320 0.0320 0.0320 0.0324 0.0329
3346.204134 0.0330 0.0330 0.0339 0.0349 0.0350
3350.950971 0.0350 0.0354 0.0359 0.0360 0.0360
3355.697809 0.0369 0.0379 0.0380 0.0380 0.0380
3360.444647 0.0380 0.0380 0.0380 0.0380 0.0380
3365.191485 0.0372 0.0362 0.0360 0.0360 0.0356
3369.938323 0.0351 0.0350 0.0350 0.0341 0.0331
3374.685161 0.0330 0.0330 0.0330 0.0330 0.0326
3379.431999 0.0321 0.0320 0.0320 0.0320 0.0320
3384.178837 0.0320 0.0320 0.0324 0.0329 0.0338
3388.925675 0.0348 0.0350 0.0350 0.0363 0.0378
3393.672513 0.0393 0.0407 0.0414 0.0419 0.0432
3398.419351 0.0447 0.0458 0.0468 0.0482 0.0497
3403.166189 0.0504 0.0509 0.0510 0.0510 0.0518
3407.913027 0.0528 0.0530 0.0530 0.0534 0.0539
3412.659864 0.0548 0.0558 0.0564 0.0569 0.0578
3417.406702 0.0588 0.0602 0.0617 0.0628 0.0638
3422.153540 0.0684 0.0739 0.0762 0.0777 0.0784
3426.900378 0.0789 0.0875 0.0980 0.1028 0.1063
3431.647216 0.1078 0.1088 0.1142 0.1207 0.1228
3436.394054 0.1238 0.1295 0.1365 0.1404 0.1434
3441.140892 0.1464 0.1493 0.1532 0.1572 0.1600
3445.887730 0.1625 0.1654 0.1684 0.1714 0.1744
3450.634568 0.1781 0.1821 0.1846 0.1866 0.1889
3455.381406 0.1914 0.1951 0.1991 0.2031 0.2071
3460.128244 0.2138 0.2212 0.2234 0.2239 0.2263
3464.875082 0.2293 0.2327 0.2362 0.2416 0.2476
3469.621920 0.2513 0.2543 0.2596 0.2656 0.2681
3474.368757 0.2696 0.2738 0.2788 0.2845 0.2905
3479.115595 0.2946 0.2981 0.3043 0.3114 0.3157
3483.862433 0.3192 0.3234 0.3279 0.3328 0.3378
3488.609271 0.3450 0.3530 0.3595 0.3655 0.3722
3493.356109 0.3792 0.3903 0.4028 0.4104 0.4164
3498.102947 0.4206 0.4241 0.4254 0.4259 0.4316
3502.849785 0.4391 0.4470 0.4549 0.4592 0.4622
3507.596623 0.4685 0.4760 0.4846 0.4936 0.4997
3512.343461 0.5046 0.5089 0.5129 0.5158 0.5183
3517.090299 0.5219 0.5259 0.5306 0.5357 0.5392
3521.837137 0.5422 0.5441 0.5456 0.5467 0.5477
3526.583975 0.5480 0.5480 0.5473 0.5463 0.5449
3531.330813 0.5434 0.5426 0.5421 0.5402 0.5377
3536.077650 0.5356 0.5336 0.5266 0.5175 0.5024
3540.824488 0.4850 0.4729 0.4629 0.4508 0.4378
3545.571326 0.4230 0.4076 0.3977 0.3902 0.3828
3550.318164 0.3753 0.3619 0.3459 0.3306 0.3156
3555.065002 0.3107 0.3102 0.3103 0.3109 0.3198
3559.811840 0.3322 0.3747 0.4301 0.4664 0.4944
3564.558678 0.5192 0.5427 0.5923 0.6536 0.6908
3569.305516 0.7167 0.7379 0.7569 0.7731 0.7881
3574.052354 0.7997 0.8097 0.8167 0.8223 0.8326
3578.799192 0.8451 0.8514 0.8549 0.8611 0.8686
3583.546030 0.8730 0.8760 0.8780 0.8795 0.8830
3588.292868 0.8875 0.8893 0.8898 0.8907 0.8917
3593.039706 0.8930 0.8945 0.8953 0.8958 0.8967
3597.786544 0.8977 0.8990 0.9005 0.9013 0.9018
3602.533381 0.9023 0.9028 0.9037 0.9047 0.9050
3607.280219 0.9050 0.9053 0.9058 0.9060 0.9060
3612.027057 0.9060 0.9060 0.9060 0.9060 0.9060
3616.773895 0.9060 0.9060 0.9060 0.9060 0.9060
3621.520733 0.9060 0.9060 0.9060 0.9060 0.9060
3626.267571 0.9060 0.9060 0.9060 0.9060 0.9060
3631.014409 0.9060 0.9060 0.9060 0.9060 0.9057
3635.761247 0.9052 0.9050 0.9050 0.9050 0.9050
3640.508085 0.9044 0.9034 0.9027 0.9022 0.9020
3645.254923 0.9020 0.9020 0.9020 0.9017 0.9012
3650.001761 0.9004 0.8994 0.8990 0.8990 0.8987
3654.748599 0.8982 0.8980 0.8980 0.8965 0.8940
3659.495437 0.8921 0.8906 0.8897 0.8892 0.8884
3664.242274 0.8874 0.8867 0.8862 0.8854 0.8844
3668.989112 0.8837 0.8832 0.8824 0.8814 0.8807
3673.735950 0.8802 0.8794 0.8784 0.8771 0.8756
3678.482788 0.8747 0.8742 0.8734 0.8724 0.8717
3683.229626 0.8712 0.8701 0.8686 0.8677 0.8672
3687.976464 0.8664 0.8654 0.8647 0.8642 0.8634
3692.723302 0.8624 0.8617 0.8612 0.8601 0.8586
3697.470140 0.8574 0.8564 0.8557 0.8552 0.8544
3702.216978 0.8534 0.8527 0.8522 0.8514 0.8504
3706.963816 0.8497 0.8492 0.8490 0.8490 0.8484
3711.710654 0.8474 0.8467 0.8462 0.8451 0.8437
3716.457492 0.8430 0.8430 0.8422 0.8407 0.8394
3721.204330 0.8384 0.8377 0.8372 0.8370 0.8370
3725.951167 0.8367 0.8362 0.8355 0.8344 0.8340
3730.698005 0.8340 0.8332 0.8317 0.8310 0.8310
3735.444843 0.8307 0.8302 0.8295 0.8285 0.8277
3740.191681 0.8272 0.8265 0.8255 0.8247 0.8242
3744.938519 0.8240 0.8240 0.8235 0.8225 0.8217
3749.685357 0.8212 0.8205 0.8195 0.8182 0.8167
3754.432195 0.8157 0.8152 0.8150 0.8150 0.8145
3759.179033 0.8135 0.8130 0.8130 0.8127 0.8122
3763.925871 0.8112 0.8097 0.8090 0.8090 0.8085
3768.672709 0.8075 0.8070 0.8070 0.8067 0.8062
3773.419547 0.8060 0.8060 0.8057 0.8052 0.8045
3778.166385 0.8035 0.8027 0.8022 0.8015 0.8005
3782.913223 0.7998 0.7993 0.7985 0.7975 0.7967
3787.660060 0.7962 0.7960 0.7960 0.7955 0.7945
3792.406898 0.7940 0.7940 0.7938 0.7933 0.7930
3797.153736 0.7930 0.7930 0.7930 0.7930 0.7930