2.103000 0.8980 0.8980 0.8980 0.8980 0.8980
2.137348 0.8980 0.8980 0.8980 0.8980 0.8980
2.172000 0.8980 0.8980 0.8970 0.8930 0.8920
2.206348 0.8880 0.8850 0.8780 0.8760 0.8730
2.240000 0.8710 0.8680 0.8680 0.8660 0.8660
2.274348 0.8640 0.8630 0.8630 0.8630 0.8630
2.309000 0.8630 0.8630 0.8630 0.8630 0.8640
2.343348 0.8640 0.8640 0.8640 0.8660 0.8660
2.378000 0.8660 0.8680 0.8690 0.8690 0.8730
2.412348 0.8730 0.8750 0.8760 0.8780 0.8800
2.446000 0.8830 0.8850 0.8860 0.8880 0.8880
2.480348 0.8880 0.8880 0.8900 0.8900 0.8920
2.515000 0.8920 0.8930 0.8950 0.8950 0.8970
2.549348 0.8970 0.8980 0.8980 0.9000 0.9000
2.584000 0.9020 0.9040 0.9070 0.9090 0.9090
2.618348 0.9090 0.9040 0.9000 0.8930 0.8930
2.652000 0.8920 0.8920 0.8970 0.9050 0.9090
2.686348 0.9090 0.9090 0.9050 0.9040 0.9020
2.721000 0.9020 0.9000 0.8980 0.8980 0.8970
2.755348 0.8970 0.8970 0.8970 0.8970 0.8970
2.790000 0.8950 0.8950 0.8920 0.8880 0.8860
2.824348 0.8830 0.8780 0.8750 0.8730 0.8730
2.858000 0.8710 0.8690 0.8680 0.8690 0.8780
2.892348 0.8880 0.8900 0.8920 0.8920 0.8920
2.927000 0.8520 0.8130 0.8110 0.8130 0.9000
2.961348 0.9020 0.9020 0.8980 0.8930 0.8930
2.996000 0.8860 0.8830 0.8830 0.8830 0.8830
3.030348 0.8900 0.8900 0.8900 0.8900 0.8900
3.064000 0.8900 0.8900 0.8900 0.8900 0.8880
3.098348 0.8850 0.8850 0.8850 0.8850 0.8850
3.133000 0.8850 0.8830 0.8830 0.8810 0.8810
3.167348 0.8800 0.8780 0.8760 0.8760 0.8750
3.202000 0.8710 0.8690 0.8660 0.8610 0.8590
3.236348 0.8560 0.8520 0.8470 0.8370 0.8300
3.270000 0.8250 0.8180 0.8110 0.7990 0.7800
3.304348 0.7550 0.7170 0.6760 0.6160 0.5420
3.339000 0.5000 0.4570 0.3640 0.2630 0.1520
3.373348 0.0440 0.0420 0.0460 0.0730 0.1010
3.408000 0.1260 0.1570 0.1860 0.2380 0.2800
3.442348 0.2840 0.2840 0.2820 0.2670 0.2440
3.476000 0.2430 0.2440 0.3570 0.5890 0.6540
3.510348 0.7080 0.7480 0.7750 0.7960 0.8090
3.545000 0.8160 0.8230 0.8300 0.8370 0.8420
3.579348 0.8470 0.8490 0.8520 0.8560 0.8570
3.614000 0.8590 0.8590 0.8590 0.8590 0.8590
3.648348 0.8590 0.8610 0.8630 0.8630 0.8660
3.682000 0.8680 0.8690 0.8660 0.8640 0.8610
3.716348 0.8610 0.8630 0.8640 0.8660 0.8690
3.751000 0.8750 0.8760 0.8760 0.8780 0.8800
3.785348 0.8800 0.8810 0.8810 0.8830 0.8850
3.820000 0.8850 0.8860 0.8860 0.8880 0.8900
3.854348 0.8900 0.8900 0.8920 0.8920 0.8920
3.888000 0.8920 0.8920 0.8930 0.8950 0.8970
3.922348 0.8980 0.8980 0.9000 0.9020 0.9050
3.957000 0.9050 0.9070 0.9070 0.9090 0.9090
3.991348 0.9090 0.9100 0.9100 0.9100 0.9100
4.026000 0.9100 0.9100 0.9100 0.9100 0.9100
4.060348 0.9100 0.9100 0.9100 0.9100 0.9100
4.094000 0.9100 0.9100 0.9090 0.9090 0.9090
4.128348 0.9070 0.9040 0.9040 0.9020 0.9000
4.163000 0.8970 0.8920 0.8900 0.8900 0.8900
4.197348 0.8900 0.8900 0.8920 0.8920 0.8950
4.231000 0.8950 0.8970 0.8970 0.8970 0.8970
4.265348 0.8970 0.8970 0.8970 0.8970 0.8950
4.300000 0.8930 0.8920 0.8900 0.8880 0.8860
4.334348 0.8860 0.8880 0.8880 0.8920 0.8930
4.369000 0.8930 0.8950 0.8950 0.8970 0.8980
4.403348 0.9000 0.9040 0.9050 0.9070 0.9090
4.437000 0.9090 0.9090 0.9090 0.9090 0.9090
4.471348 0.9090 0.9090 0.9090 0.9090 0.9090
4.506000 0.9100 0.9100 0.9100 0.9100 0.9100
4.540348 0.9100 0.9100 0.9100 0.9100 0.9100
4.575000 0.9100 0.9100 0.9100 0.9100 0.9090
4.609348 0.9090 0.9090 0.9090 0.9090 0.9090
4.643000 0.9090 0.9090 0.9090 0.9100 0.9100
4.677348 0.9100 0.9100 0.9100 0.9090 0.9090
4.712000 0.9090 0.9070 0.9070 0.9070 0.9070
4.746348 0.9070 0.9070 0.9070 0.9070 0.9070
4.781000 0.9070 0.9050 0.9050 0.9040 0.9040
4.815348 0.9020 0.9020 0.9000 0.9000 0.9000
4.849000 0.9000 0.9000 0.9000 0.9000 0.9000
4.883348 0.9000 0.9000 0.8980 0.8980 0.8980
4.918000 0.8970 0.8970 0.8950 0.8950 0.8950
4.952348 0.8950 0.8950 0.8950 0.8950 0.8950
4.987000 0.8950 0.8950 0.8950 0.8950 0.8970
5.021348 0.8970 0.9000 0.9020 0.9020 0.9020
5.055000 0.9020 0.9020 0.9020 0.9020 0.9020
5.089348 0.9040 0.9040 0.9040 0.9040 0.9040
5.124000 0.9040 0.9040 0.9050 0.9050 0.9050
5.158348 0.9050 0.9050 0.9050 0.9050 0.9050
5.193000 0.9050 0.9050 0.9050 0.9050 0.9050
5.227348 0.9050 0.9050 0.9050 0.9040 0.9040
5.261000 0.9040 0.9040 0.9040 0.9040 0.9040
5.295348 0.9020 0.9020 0.9000 0.8970 0.8930
5.330000 0.8920 0.8920 0.8900 0.8900 0.8880
5.364348 0.8860 0.8860 0.8860 0.8860 0.8850
5.399000 0.8850 0.8830 0.8810 0.8800 0.8780
5.433348 0.8760 0.8730 0.8710 0.8690 0.8660
5.467000 0.8630 0.8560 0.8520 0.8490 0.8420
5.501348 0.8390 0.8320 0.8250 0.8210 0.8210
5.536000 0.8200 0.8150 0.8030 0.7920 0.7840
5.570348 0.7730 0.7630 0.7510 0.7380 0.7190
5.605000 0.6950 0.6660 0.6310 0.5890 0.5370
5.639348 0.5060 0.4760 0.4040 0.3390 0.2730
5.673000 0.2150 0.1690 0.1250 0.0950 0.0730
5.707348 0.0560 0.0420 0.0410 0.0410 0.0420
5.742000 0.0530 0.0700 0.1010 0.1450 0.1780
5.776348 0.2170 0.2600 0.3080 0.3560 0.4020
5.811000 0.4450 0.4820 0.5320 0.5410 0.5590
5.845348 0.5770 0.5940 0.6130 0.6310 0.6540
5.879000 0.6780 0.7050 0.7380 0.7580 0.7750
5.913348 0.7890 0.8010 0.8110 0.8200 0.8250
5.948000 0.8320 0.8370 0.8420 0.8470 0.8520
5.982348 0.8570 0.8630 0.8680 0.8680 0.8690
6.017000 0.8690 0.8690 0.8710 0.8710 0.8710
6.051348 0.8730 0.8800 0.8900 0.8900 0.8900
6.085000 0.8900 0.8900 0.8880 0.8850 0.8850
6.119348 0.8830 0.8810 0.8810 0.8760 0.8710
6.154000 0.8690 0.8630 0.8570 0.8520 0.8490
6.188348 0.8420 0.8320 0.8230 0.8110 0.7990
6.223000 0.7870 0.7750 0.7630 0.7460 0.7320
6.257348 0.7190 0.7030 0.6910 0.6810 0.6720
6.291000 0.6660 0.6590 0.6550 0.6500 0.6430
6.325348 0.6400 0.6350 0.6280 0.6210 0.6140
6.360000 0.6060 0.5990 0.5900 0.5820 0.5710
6.394348 0.5590 0.5440 0.5270 0.5110 0.5080
6.429000 0.5050 0.5000 0.4940 0.4940 0.4940
6.463348 0.4980 0.5200 0.5350 0.5540 0.5710
6.497000 0.5890 0.6040 0.6140 0.6210 0.6280
6.531348 0.6350 0.6420 0.6480 0.6570 0.6660
6.566000 0.6760 0.6810 0.6860 0.6910 0.6980
6.600348 0.7070 0.7150 0.7240 0.7320 0.7410
6.635000 0.7500 0.7560 0.7610 0.7670 0.7720
6.669348 0.7750 0.7770 0.7790 0.7800 0.7800
6.703000 0.7820 0.7800 0.7790 0.7720 0.7560
6.737348 0.7460 0.7310 0.6960 0.6330 0.5230
6.772000 0.4890 0.4550 0.4050 0.3370 0.3210
6.806348 0.3060 0.3040 0.3060 0.3090 0.3180
6.841000 0.3320 0.3520 0.3780 0.4140 0.4430
6.875348 0.4650 0.4840 0.4980 0.5150 0.5220
6.909000 0.5270 0.5340 0.5460 0.5630 0.5780
6.943348 0.5950 0.6060 0.6160 0.6210 0.6230
6.978000 0.6250 0.6190 0.6140 0.6070 0.5990
7.012348 0.5900 0.5780 0.5730 0.5730 0.5800
7.047000 0.5890 0.6070 0.6260 0.6500 0.6670
7.081348 0.6780 0.6840 0.6900 0.6900 0.6900
7.115000 0.6900 0.6900 0.6860 0.6840 0.6780
7.149348 0.6720 0.6620 0.6480 0.6330 0.6210
7.184000 0.6060 0.5730 0.5470 0.5180 0.5050
7.218348 0.4890 0.4640 0.4430 0.4380 0.4240
7.253000 0.4220 0.4240 0.4240 0.4430 0.4620
7.287348 0.4760 0.4860 0.4890 0.4890 0.4890
7.321000 0.4890 0.4890 0.4890 0.4910 0.4910
7.355348 0.4910 0.4910 0.4930 0.4940 0.4960
7.390000 0.4960 0.4980 0.5050 0.5060 0.5110
7.424348 0.5130 0.5170 0.5220 0.5270 0.5340
7.459000 0.5370 0.5470 0.5580 0.5580 0.5650
7.493348 0.5660 0.5660 0.5650 0.5610 0.5560
7.527000 0.5460 0.5370 0.5320 0.5290 0.5220
7.561348 0.5180 0.5170 0.5150 0.5130 0.5110
7.596000 0.5110 0.5100 0.5060 0.5030 0.5010
7.630348 0.4980 0.4930 0.4910 0.4880 0.4840
7.665000 0.4820 0.4790 0.4740 0.4720 0.4690
7.699348 0.4670 0.4670 0.4690 0.4700 0.4720
7.733000 0.4740 0.4740 0.4760 0.4760 0.4760
7.767348 0.4740 0.4720 0.4700 0.4670 0.4650
7.802000 0.4640 0.4620 0.4580 0.4550 0.4520
7.836348 0.4480 0.4380 0.4380 0.4290 0.4190
7.871000 0.4070 0.3980 0.3880 0.3800 0.3710
7.905348 0.3640 0.3570 0.3510 0.3490 0.3440
7.939000 0.3420 0.3400 0.3350 0.3350 0.3330
7.973348 0.3320 0.3300 0.3270 0.3230 0.3160
8.008000 0.3130 0.3090 0.3090 0.3090 0.3090
8.042348 0.3110 0.3150 0.3180 0.3200 0.3230
8.077000 0.3270 0.3270 0.3270 0.3230 0.3160
8.111348 0.3080 0.2940 0.2840 0.2700 0.2600
8.145000 0.2580 0.2530 0.2500 0.2480 0.2440
8.179348 0.2430 0.2440 0.2480 0.2510 0.2560
8.214000 0.2600 0.2630 0.2650 0.2670 0.2680
8.248348 0.2700 0.2700 0.2720 0.2720 0.2720
8.282000 0.2720 0.2700 0.2650 0.2630 0.2610
8.316348 0.2580 0.2550 0.2530 0.2500 0.2460
8.351000 0.2410 0.2380 0.2360 0.2320 0.2320
8.385348 0.2310 0.2270 0.2260 0.2220 0.2200
8.420000 0.2170 0.2150 0.2140 0.2120 0.2080
8.454348 0.2050 0.2000 0.1950 0.1900 0.1830
8.488000 0.1740 0.1670 0.1590 0.1500 0.1400
8.522348 0.1300 0.1180 0.1070 0.0940 0.0870
8.557000 0.0800 0.0730 0.0680 0.0610 0.0580
8.591348 0.0580 0.0510 0.0460 0.0440 0.0410
8.626000 0.0410 0.0390 0.0390 0.0390 0.0390
8.660348 0.0390 0.0410 0.0420 0.0420 0.0440
8.694000 0.0460 0.0540 0.0660 0.0780 0.0920
8.728348 0.1090 0.1260 0.1450 0.1660 0.1860
8.763000 0.2070 0.2270 0.2500 0.2700 0.2920
8.797348 0.3110 0.3320 0.3510 0.3680 0.3830
8.832000 0.3970 0.4090 0.4170 0.4220 0.4290
8.866348 0.4290 0.4310 0.4290 0.4170 0.4070
8.900000 0.3970 0.3830 0.3660 0.3470 0.3270
8.934348 0.3080 0.2910 0.2730 0.2580 0.2440
8.969000 0.2320 0.2200 0.2100 0.2000 0.1950
9.003348 0.1880 0.1830 0.1790 0.1740 0.1710
9.038000 0.1670 0.1660 0.1620 0.1620 0.1590
9.072348 0.1590 0.1570 0.1570 0.1570 0.1590
9.106000 0.1590 0.1620 0.1740 0.1880 0.2030
9.140348 0.2220 0.2410 0.2630 0.2850 0.3090
9.175000 0.3330 0.3570 0.3800 0.4040 0.4240
9.209348 0.4450 0.4640 0.4820 0.4940 0.5150
9.244000 0.5250 0.5340 0.5420 0.5510 0.5510
9.278348 0.5540 0.5580 0.5590 0.5610 0.5610
9.312000 0.5630 0.5630 0.5630 0.5630 0.5610
9.346348 0.5610 0.5590 0.5580 0.5560 0.5540
9.381000 0.5530 0.5530 0.5510 0.5470 0.5460
9.415348 0.5420 0.5410 0.5410 0.5410 0.5420
9.450000 0.5440 0.5470 0.5510 0.5540 0.5590
9.484348 0.5650 0.5680 0.5730 0.5800 0.5830
9.518000 0.5850 0.5850 0.5870 0.5870 0.5870
9.552348 0.5870 0.5870 0.5870 0.5870 0.5870
9.587000 0.5850 0.5850 0.5850 0.5830 0.5820
9.621348 0.5800 0.5800 0.5780 0.5780 0.5780
9.656000 0.5770 0.5770 0.5770 0.5780 0.5800
9.690348 0.5830 0.5870 0.5900 0.5940 0.5990
9.724000 0.6040 0.6070 0.6110 0.6130 0.6140
9.758348 0.6180 0.6210 0.6230 0.6230 0.6260
9.793000 0.6260 0.6280 0.6310 0.6330 0.6350
9.827348 0.6350 0.6350 0.6350 0.6350 0.6350
9.862000 0.6350 0.6350 0.6350 0.6350 0.6350
9.896348 0.6350 0.6350 0.6360 0.6360 0.6360
9.930000 0.6360 0.6360 0.6360 0.6360 0.6360
9.964348 0.6360 0.6360 0.6400 0.6400 0.6430
9.999000 0.6480 0.6540 0.6570 0.6570 0.6590
10.033348 0.6600 0.6640 0.6670 0.6720 0.6760
10.068000 0.6780 0.6810 0.6830 0.6880 0.6900
10.102348 0.6910 0.6950 0.6980 0.7000 0.7020
10.136000 0.7030 0.7050 0.7070 0.7070 0.7100
10.170348 0.7120 0.7140 0.7140 0.7150 0.7150
10.205000 0.7150 0.7190 0.7190 0.7190 0.7190
10.239348 0.7190 0.7190 0.7190 0.7170 0.7170
10.274000 0.7150 0.7120 0.7080 0.7080 0.7070
10.308348 0.7050 0.7030 0.7020 0.6980 0.6960
10.342000 0.6950 0.6930 0.6900 0.6900 0.6880
10.376348 0.6860 0.6860 0.6840 0.6840 0.6840
10.411000 0.6840 0.6840 0.6860 0.6880 0.6900
10.445348 0.6910 0.6930 0.6960 0.6980 0.7000
10.480000 0.7030 0.7050 0.7070 0.7100 0.7120
10.514348 0.7120 0.7140 0.7150 0.7170 0.7170
10.548000 0.7200 0.7220 0.7220 0.7240 0.7240
10.582348 0.7260 0.7260 0.7270 0.7290 0.7310
10.617000 0.7310 0.7320 0.7320 0.7340 0.7340
10.651348 0.7340 0.7340 0.7340 0.7340 0.7340
10.686000 0.7340 0.7340 0.7340 0.7340 0.7340
10.720348 0.7340 0.7360 0.7360 0.7360 0.7360
10.754000 0.7380 0.7380 0.7380 0.7380 0.7380
10.788348 0.7390 0.7390 0.7390 0.7390 0.7390
10.823000 0.7390 0.7390 0.7390 0.7390 0.7390
10.857348 0.7410 0.7410 0.7410 0.7390 0.7390
10.892000 0.7390 0.7390 0.7390 0.7390 0.7390
10.926348 0.7390 0.7390 0.7390 0.7390 0.7390
10.960000 0.7390 0.7390 0.7410 0.7440 0.7460
10.994348 0.7480 0.7500 0.7500 0.7510 0.7530
11.029000 0.7550 0.7550 0.7550 0.7560 0.7560
11.063348 0.7560 0.7530 0.7510 0.7460 0.7220
11.098000 0.7200 0.7220 0.7320 0.7360 0.7430
11.132348 0.7460 0.7500 0.7500 0.7510 0.7510
11.166000 0.7510 0.7510 0.7510 0.7510 0.7510
11.200348 0.7510 0.7510 0.7510 0.7500 0.7500
11.235000 0.7480 0.7480 0.7460 0.7460 0.7440
11.269348 0.7440 0.7430 0.7390 0.7360 0.7320
11.304000 0.7320 0.7290 0.7260 0.7220 0.7200
11.338348 0.7150 0.7140 0.7120 0.7100 0.7080
11.372000 0.7080 0.7050 0.7030 0.7030 0.7020
11.406348 0.7000 0.6950 0.6930 0.6910 0.6910
11.441000 0.6900 0.6860 0.6860 0.6840 0.6840
11.475348 0.6830 0.6810 0.6810 0.6790 0.6760
11.510000 0.6740 0.6710 0.6710 0.6690 0.6660
11.544348 0.6640 0.6620 0.6590 0.6570 0.6550
11.578000 0.6550 0.6540 0.6540 0.6540 0.6520
11.612348 0.6500 0.6500 0.6480 0.6470 0.6470
11.647000 0.6450 0.6450 0.6450 0.6450 0.6430
11.681348 0.6430 0.6430 0.6430 0.6430 0.6430
11.716000 0.6430 0.6450 0.6450 0.6450 0.6470
11.750348 0.6520 0.6550 0.6620 0.6660 0.6710
11.784000 0.6740 0.6790 0.6810 0.6900 0.6910
11.818348 0.6960 0.7020 0.7030 0.7070 0.7190
11.853000 0.7200 0.7220 0.7260 0.7310 0.7340
11.887348 0.7410 0.7460 0.7510 0.7530 0.7560
11.922000 0.7580 0.7610 0.7630 0.7630 0.7650
11.956348 0.7680 0.7700 0.7720 0.7750 0.7790
11.990000 0.7790 0.7800 0.7800 0.7820 0.7820
12.024348 0.7850 0.7870 0.7870 0.7890 0.7910
12.059000 0.7910 0.7920 0.7940 0.7960 0.7970
12.093348 0.7970 0.7990 0.7990 0.8010 0.8030
12.128000 0.8030 0.8030 0.8030 0.8040 0.8040
12.162348 0.8040 0.8060 0.8060 0.8080 0.8080
12.196000 0.8080 0.8080 0.8080 0.8090 0.8110
12.230348 0.8110 0.8130 0.8130 0.8150 0.8160
12.265000 0.8160 0.8160 0.8160 0.8180 0.8180
12.299348 0.8180 0.8180 0.8200 0.8200 0.8200
12.333000 0.8200 0.8200 0.8200 0.8200 0.8200
12.367348 0.8180 0.8180 0.8180 0.8180 0.8180
12.402000 0.8180 0.8180 0.8160 0.8160 0.8160
12.436348 0.8150 0.8150 0.8150 0.8130 0.8110
12.471000 0.8110 0.8110 0.8090 0.8090 0.8080
12.505348 0.8080 0.8080 0.8060 0.8060 0.8060
12.539000 0.8060 0.8040 0.8040 0.8030 0.8030
12.573348 0.8010 0.8010 0.7990 0.7990 0.7990
12.608000 0.7990 0.7970 0.7970 0.7970 0.7970
12.642348 0.7970 0.7970 0.7970 0.7970 0.7970
12.677000 0.7970 0.7970 0.7970 0.7970 0.7970
12.711348 0.7970 0.7970 0.7970 0.7970 0.7970
12.745000 0.7970 0.7970 0.7970 0.7970 0.7970
12.779348 0.7970 0.7970 0.7970 0.7970 0.7970
12.814000 0.7970 0.7970 0.7970 0.7970 0.7960
12.848348 0.7960 0.7940 0.7940 0.7920 0.7920
12.883000 0.7910 0.7910 0.7890 0.7870 0.7850
12.917348 0.7850 0.7840 0.7820 0.7800 0.7790
12.951000 0.7790 0.7790 0.7770 0.7770 0.7770
12.985348 0.7750 0.7750 0.7750 0.7730 0.7730
13.020000 0.7730 0.7720 0.7720 0.7720 0.7720
13.054348 0.7720 0.7720 0.7720 0.7720 0.7720
13.089000 0.7720 0.7720 0.7720 0.7720 0.7720
13.123348 0.7720 0.7720 0.7720 0.7700 0.7720
13.157000 0.7720 0.7720 0.7700 0.7700 0.7700
13.191348 0.7680 0.7680 0.7670 0.7670 0.7670
13.226000 0.7650 0.7650 0.7630 0.7630 0.7610
13.260348 0.7600 0.7580 0.7560 0.7560 0.7550
13.295000 0.7550 0.7550 0.7530 0.7530 0.7530
13.329348 0.7510 0.7500 0.7500 0.7500 0.7480
13.363000 0.7460 0.7460 0.7440 0.7430 0.7430
13.397348 0.7410 0.7390 0.7390 0.7390 0.7380
13.432000 0.7380 0.7360 0.7360 0.7340 0.7340
13.466348 0.7320 0.7320 0.7320 0.7310 0.7290
13.501000 0.7270 0.7260 0.7260 0.7240 0.7220
13.535348 0.7220 0.7200 0.7200 0.7190 0.7190
13.569000 0.7170 0.7170 0.7150 0.7140 0.7120
13.603348 0.7100 0.7080 0.7070 0.7050 0.7000
13.638000 0.6960 0.6930 0.6900 0.6880 0.6840
13.672348 0.6790 0.6740 0.6710 0.6660 0.6600
13.707000 0.6550 0.6500 0.6450 0.6420 0.6380
13.741348 0.6310 0.6260 0.6210 0.6180 0.6130
13.775000 0.6090 0.6060 0.6010 0.5990 0.5920
13.809348 0.5900 0.5890 0.5890 0.5850 0.5850
13.844000 0.5830 0.5830 0.5830 0.5850 0.5890
13.878348 0.5920 0.5950 0.6020 0.6090 0.6160
13.913000 0.6190 0.6260 0.6280 0.6310 0.6310
13.947348 0.6350 0.6380 0.6400 0.6430 0.6450
13.981000 0.6480 0.6500 0.6520 0.6540 0.6540
14.015348 0.6550 0.6570 0.6590 0.6600 0.6600
14.050000 0.6600 0.6620 0.6620 0.6620 0.6620
14.084348 0.6640 0.6640 0.6640 0.6640 0.6640
14.119000 0.6640 0.6640 0.6640 0.6640 0.6640
14.153348 0.6640 0.6640 0.6640 0.6640 0.6640
14.187000 0.6640 0.6640 0.6640 0.6640 0.6640
14.221348 0.6640 0.6640 0.6640 0.6640 0.6640
14.256000 0.6640 0.6640 0.6640 0.6640 0.6620
14.290348 0.6620 0.6620 0.6620 0.6600 0.6600
14.325000 0.6600 0.6590 0.6590 0.6590 0.6570
14.359348 0.6570 0.6550 0.6550 0.6540 0.6540
14.393000 0.6520 0.6520 0.6500 0.6500 0.6500
14.427348 0.6480 0.6480 0.6470 0.6470 0.6450
14.462000 0.6450 0.6430 0.6430 0.6420 0.6400
14.496348 0.6380 0.6360 0.6350 0.6350 0.6330
14.531000 0.6310 0.6310 0.6300 0.6280 0.6280
14.565348 0.6260 0.6260 0.6260 0.6250 0.6210
14.599000 0.6210 0.6210 0.6190 0.6190 0.6160
14.633348 0.6160 0.6130 0.6130 0.6110 0.6110
14.668000 0.6110 0.6090 0.6070 0.6060 0.6040
14.702348 0.6040 0.6020 0.5990 0.5990 0.5970
14.737000 0.5950 0.5950 0.5940 0.5940 0.5900
14.771348 0.5890 0.5890 0.5870 0.5870 0.5850
14.805000 0.5830 0.5820 0.5800 0.5780 0.5770
14.839348 0.5750 0.5750 0.5730 0.5710 0.5700
14.874000 0.5700 0.5680 0.5660 0.5650 0.5630
14.908348 0.5610 0.5590 0.5580 0.5560 0.5560
14.943000 0.5560 0.5540 0.5530 0.5530 0.5510
14.977348 0.5490 0.5470 0.5470 0.5460 0.5440
15.011000 0.5420 0.5410 0.5410 0.5390 0.5370
15.045348 0.5370 0.5350 0.5320 0.5300 0.5270
15.080000 0.5250 0.5220 0.5200 0.5180 0.5170
15.114348 0.5110 0.5100 0.5080 0.5060 0.5050
15.149000 0.5050 0.5030 0.5010 0.5010 0.5000
15.183348 0.4980 0.4980 0.4960 0.4930 0.4910
15.217000 0.4880 0.4860 0.4840 0.4810 0.4790
15.251348 0.4760 0.4740 0.4740 0.4700 0.4700
15.286000 0.4690 0.4690 0.4670 0.4650 0.4640
15.320348 0.4640 0.4620 0.4620 0.4620 0.4600
15.355000 0.4580 0.4580 0.4570 0.4570 0.4550
15.389348 0.4550 0.4530 0.4530 0.4530 0.4530
15.423000 0.4530 0.4520 0.4520 0.4500 0.4480
15.457348 0.4480 0.4460 0.4460 0.4450 0.4450
15.492000 0.4430 0.4430 0.4410 0.4400 0.4400
15.526348 0.4380 0.4360 0.4360 0.4340 0.4330
15.561000 0.4310 0.4290 0.4290 0.4290 0.4290
15.595348 0.4290 0.4290 0.4290 0.4280 0.4280
15.629000 0.4280 0.4280 0.4260 0.4260 0.4220
15.663348 0.4210 0.4210 0.4210 0.4190 0.4190
15.698000 0.4170 0.4170 0.4160 0.4160 0.4140
15.732348 0.4120 0.4120 0.4120 0.4120 0.4100
15.767000 0.4100